	Amines	Amino_acids	Carbohydrates	Carboxylic_acids	Phenolic_compounds	Polymers
2403QL2-D	0.551666667	1.041444444	0.710933333	1.26847619	0.5855	1.215166667
2403QL2-S	0.3415	0.655	0.740233333	0.843428571	0.5185	1.00425
2404QL2-D	0.608333334	1.211555556	0.615766667	1.308952381	0.7455	0.895083334
2404QL2-S	0.656333333	0.640333333	0.565866667	0.790190476	0.622333333	0.3435
2405QL2-D	0.301166667	0.57	0.290966667	0.698285714	0.185666667	0.142
2405QL2-S	0.4505	0.645055556	0.373733333	0.50347619	0.274666667	0.421
2406QL2-D	0.0415	0.043833333	0.121833333	0.249666667	0.227166667	0.154333334
2406QL2-S	0.138166667	0.4515	0.227166667	0.360142857	0.282833334	0.156833333
2407QL2-D	0.075111111	0.045925926	0.022377778	0.041238095	0.028888889	0.013111111
2407QL2-S	0.059666667	0.123555556	0.1512	0.073666667	0.0095	0.081333333
2408QL2-D	0.691666667	0.575944445	0.3934	0.894476191	0.582	0.653833334
2408QL2-S	0.446	0.652055556	0.412666667	0.883190476	0.4775	0.749833333
2409QL2-D	0.4	0.250222222	0.094133333	0.110380952	0.182333333	0.249583334
2409QL2-S	0	0.091	0.050966667	0.019190476	0	0.156333333
2410QL2-S	0.018	0.013	0.031266667	0.144333333	0	0.306833334
2502QL2-D	0.1115	0.101944444	0.148433333	0.207380953	0.11	0.07575
2502QL2-S	0.003666667	0.003166667	0.008533334	0.004190476	0.005	0.035333333
2503QL2-D	0.923	0.747555556	0.598333333	1.082476191	0.718	0.67475
2503QL2-S	0.028666667	0.115111111	0.038933333	0.108571429	0.03	0.174166667
2504QL2-S	0.0015	0.005333333	0.0046	0.009047619	0.0025	0.0425
2505QL2-D	0	0.003888889	0.003366667	0.000428571	0.0035	0.018333334
2505QL2-S	0.006833334	0.001333333	0.004933333	0.001428571	0.001333334	0.0315
2506QL2-D	0.026	0.091611111	0.053033333	0.078857143	0.024	0.216416667
2506QL2-S	0.000833334	0.131777778	0.075	0.067761905	0.034666667	0.27275
2507QL2-D	0.301833334	0.282444445	0.237933333	0.420238095	0.131166667	0.258666667
2507QL2-S	0.179	0.085444445	0.045566667	0.240809524	0.005833334	0.636083333
2508QL2-D	0.301166667	0.315166667	0.2477	0.266619048	0.0025	0.322083333
2508QL2-S	0.009833334	0.075333333	0.062466667	0.087476191	0.011333334	0.35975
2509QL2-D	0.188333334	0.285388889	0.213366667	0.221285714	0.183	0.382916667
2509QL2-S	0.036833333	0.017444445	0.026233333	0.055380952	0.013166667	0.153833333
