	2403QL2-D_maxbin2_bin.2	2403QL2-D_metabat2_bin.34	2403QL2_maxbin2_bin.70	2403QL2_metabat2_bin.21	2403QL2_metabat2_bin.31	2403QL2_metabat2_bin.58	2404QL2-D_maxbin2_bin.14	2404QL2-D_maxbin2_bin.28	2404QL2-D_maxbin2_bin.29	2404QL2-D_metabat2_bin.34	2404QL2-D_metabat2_bin.8	2404QL2_metabat2_bin.12	2405QL2-D_maxbin2_bin.52	2405QL2-D_metabat2_bin.56	2405QL2_maxbin2_bin.23	2406QL2-D_maxbin2_bin.123	2406QL2-D_metabat2_bin.101	2406QL2-D_metabat2_bin.29	2406QL2-D_metabat2_bin.56	2406QL2-D_metabat2_bin.94	2406QL2_maxbin2_bin.75	2406QL2_maxbin2_bin.79	2406QL2_metabat2_bin.25	2406QL2_metabat2_bin.32	2406QL2_metabat2_bin.39	2406QL2_metabat2_bin.51	2406QL2_metabat2_bin.75	2406QL2_metabat2_bin.85	2407QL2-D_maxbin2_bin.13	2407QL2-D_metabat2_bin.53	2407QL2-D_metabat2_bin.77	2407QL2-D_metabat2_bin.88	2407QL2_maxbin2_bin.30	2407QL2_maxbin2_bin.52	2407QL2_metabat2_bin.13	2407QL2_metabat2_bin.14	2407QL2_metabat2_bin.20	2407QL2_metabat2_bin.23	2407QL2_metabat2_bin.25	2407QL2_metabat2_bin.67	2408QL2-D_maxbin2_bin.3	2408QL2-D_maxbin2_bin.31	2408QL2-D_metabat2_bin.46	2408QL2-D_metabat2_bin.50	2408QL2-D_metabat2_bin.53	2408QL2-D_metabat2_bin.56	2408QL2-D_metabat2_bin.8	2408QL2-D_metabat2_bin.85	2408QL2_maxbin2_bin.18	2408QL2_maxbin2_bin.31	2408QL2_maxbin2_bin.65	2408QL2_maxbin2_bin.72	2408QL2_metabat2_bin.10	2408QL2_metabat2_bin.13	2408QL2_metabat2_bin.26	2408QL2_metabat2_bin.29	2408QL2_metabat2_bin.3	2408QL2_metabat2_bin.52	2408QL2_metabat2_bin.57	2408QL2_metabat2_bin.6	2408QL2_metabat2_bin.85	2408QL2_metabat2_bin.9	2409QL2-D_maxbin2_bin.100	2409QL2-D_metabat2_bin.13	2409QL2-D_metabat2_bin.4	2409QL2-D_metabat2_bin.41	2409QL2-D_metabat2_bin.56	2409QL2-D_metabat2_bin.67	2409QL2-D_metabat2_bin.83	2409QL2_maxbin2_bin.26	2409QL2_metabat2_bin.89	2409QL2_metabat2_bin.95	2410QL1_maxbin2_bin.24	2410QL1_maxbin2_bin.85	2410QL1_maxbin2_bin.86	2410QL1_metabat2_bin.112	2410QL1_metabat2_bin.14	2410QL1_metabat2_bin.24	2410QL1_metabat2_bin.43	2410QL1_metabat2_bin.5	2410QL1_metabat2_bin.51	2410QL1_metabat2_bin.88	2410QL1_metabat2_bin.90	2502QYL2-D_maxbin2_bin.15	2502QYL2-D_maxbin2_bin.2	2502QYL2-D_metabat2_bin.31	2502QYL2-S_metabat2_bin.45	2502QYL2-S_metabat2_bin.54	2503QYL2-D_maxbin2_bin.32	2503QYL2-D_metabat2_bin.31	2503QYL2-D_metabat2_bin.91	2504QYL2-D_maxbin2_bin.104	2504QYL2-D_maxbin2_bin.13	2504QYL2-D_maxbin2_bin.28	2504QYL2-D_maxbin2_bin.97	2504QYL2-S_maxbin2_bin.25	2504QYL2-S_maxbin2_bin.29	2504QYL2-S_metabat2_bin.77	2505QYL2-D_maxbin2_bin.64	2505QYL2-D_metabat2_bin.47	2505QYL2-D_metabat2_bin.6	2505QYL2-S_metabat2_bin.1	2505QYL2-S_metabat2_bin.58	2506QYL2-D_maxbin2_bin.1	2506QYL2-D_maxbin2_bin.32	2506QYL2-D_maxbin2_bin.4	2506QYL2-D_maxbin2_bin.41	2506QYL2-D_metabat2_bin.25	2506QYL2-D_metabat2_bin.28	2506QYL2-D_metabat2_bin.36	2506QYL2-D_metabat2_bin.43	2506QYL2-D_metabat2_bin.49	2506QYL2-D_metabat2_bin.52	2506QYL2-D_metabat2_bin.55	2506QYL2-D_metabat2_bin.7	2506QYL2-D_metabat2_bin.8	2506QYL2-S_maxbin2_bin.111	2506QYL2-S_maxbin2_bin.74	2506QYL2-S_metabat2_bin.15	2506QYL2-S_metabat2_bin.17	2506QYL2-S_metabat2_bin.18	2506QYL2-S_metabat2_bin.23	2506QYL2-S_metabat2_bin.29	2506QYL2-S_metabat2_bin.36	2506QYL2-S_metabat2_bin.41	2506QYL2-S_metabat2_bin.56	2506QYL2-S_metabat2_bin.67	2506QYL2-S_metabat2_bin.70	2506QYL2-S_metabat2_bin.72	2506QYL2-S_metabat2_bin.74	2506QYL2-S_metabat2_bin.75	2506QYL2-S_metabat2_bin.79	2506QYL2-S_metabat2_bin.80	2507QYL2-D_maxbin2_bin.0	2507QYL2-D_metabat2_bin.5	2507QYL2-D_metabat2_bin.56	2507QYL2-D_metabat2_bin.83	2507QYL2-S_maxbin2_bin.104	2507QYL2-S_maxbin2_bin.123	2507QYL2-S_maxbin2_bin.5	2507QYL2-S_maxbin2_bin.67	2507QYL2-S_metabat2_bin.29	2507QYL2-S_metabat2_bin.33	2507QYL2-S_metabat2_bin.34	2507QYL2-S_metabat2_bin.55	2507QYL2-S_metabat2_bin.56	2507QYL2-S_metabat2_bin.92	2507QYL2-S_metabat2_bin.97	2508QYL2-D_maxbin2_bin.12	2508QYL2-D_maxbin2_bin.3	2508QYL2-D_maxbin2_bin.82	2508QYL2-D_metabat2_bin.20	2508QYL2-D_metabat2_bin.21	2508QYL2-D_metabat2_bin.23	2508QYL2-D_metabat2_bin.25	2508QYL2-D_metabat2_bin.39	2508QYL2-D_metabat2_bin.5	2508QYL2-D_metabat2_bin.7	2508QYL2-S_maxbin2_bin.108	2508QYL2-S_maxbin2_bin.7	2508QYL2-S_maxbin2_bin.87	2508QYL2-S_metabat2_bin.29	2508QYL2-S_metabat2_bin.33	2508QYL2-S_metabat2_bin.44	2508QYL2-S_metabat2_bin.72	2509QYL2-D_maxbin2_bin.21	2509QYL2-D_maxbin2_bin.25	2509QYL2-D_maxbin2_bin.8	2509QYL2-D_maxbin2_bin.96	2509QYL2-D_metabat2_bin.101	2509QYL2-D_metabat2_bin.31	2509QYL2-D_metabat2_bin.33	2509QYL2-D_metabat2_bin.65	2509QYL2-D_metabat2_bin.99	2509QYL2-S_maxbin2_bin.17	2509QYL2-S_metabat2_bin.18	2509QYL2-S_metabat2_bin.33	2509QYL2-S_metabat2_bin.46	2509QYL2-S_metabat2_bin.48	2509QYL2-S_metabat2_bin.66	2509QYL2-S_metabat2_bin.71	2509QYL2-S_metabat2_bin.75	2509QYL2-S_metabat2_bin.82	2509QYL2-S_metabat2_bin.9	2509QYL2-S_metabat2_bin.94
2403QL2-D	159031.05	3808.9485	15158.517	0	23021.006	3015.5134	18342.975	366.07913	6058.4614	8025.936	3985.03	12187.42	409.7593	4457.909	7437.608	233.87418	0	171.0949	430.6834	0	519.4077	412.8963	120.657295	846.0932	0	507.32748	174.10944	0	185.00652	0	131.9961	0	69.46086	0	0	0	221.27267	0	746.21436	0	0	766.168	132.21416	275.4999	0	143.01978	309.49628	0	2985.5947	380.1373	0	226.58049	0	0	186.79999	0	637.6091	112.88813	0	227.74298	182.16397	168.51752	165.33345	227.13261	757.0849	0	0	278.79794	0	381.42227	416.44336	291.4917	451.78406	0	517.4866	132.32188	805.3637	0	0	179.71028	417.00653	0	62.312553	3451.9712	15727.617	883.64636	1152.973	731.0977	0	0	1140.8433	98.23524	372.12003	234.31152	0	1241.5427	1800.8438	274.46692	748.9364	0	0	174.75887	257.56012	3103.3315	0	126.713585	0	287.64572	111.92335	190.22469	181.272	781.1356	0	1190.1947	247.65913	2428.8171	0	190.13618	294.72778	171.23495	0	722.49536	129.53209	132.51169	0	101.95091	0	266.84344	0	0	297.8597	248.08177	0	837.7022	335.8703	0	0	0	484.31625	0	0	0	424.74203	986.5533	0	0	0	0	416.10236	528.95557	506.77576	0	5608.3306	0	0	0	93.124405	5837.3057	0	18589.055	0	17327.615	618.15076	0	363.09866	3381.7964	186.18639	638.54865	720.84467	7733.999	616.8828	334.71167	149.36461	2947.7417	1237.3171	242.96533	625.81055	311.77557	6186.851	314.7187	0	169.1398	0	2728.8855	0
2403QL2-S	4219.2427	1457.0297	2192.976	6672.012	7311.4653	3211.573	3821.7014	0	713.54706	6035.161	2732.956	1413.4054	0	540.80005	3333.783	0	0	0	281.05154	0	295.5364	0	0	0	0	1315.2632	0	0	0	0	0	0	0	0	0	0	0	0	0	0	0	449.7792	0	0	0	0	0	0	1085.9022	0	0	463.85672	0	0	321.8421	0	1493.9261	0	0	1544.5239	3147.1584	4021.4573	173.40962	3336.9797	0	0	0	1351.8867	0	5837.144	931.7753	8773.407	0	0	1522.6903	2876.7468	0	0	0	0	178.1158	0	0	270.54254	1202.4233	105.94638	79.239845	126.1102	0	0	1850.9557	0	0	0	0	0	0	3554.87	0	0	0	0	272.03015	945.1187	0	464.9396	0	704.2662	0	6258.2695	0	0	0	292.72104	0	2436.4324	0	0	0	0	0	0	249.10239	106.231186	0	0	229.60143	351.75333	0	0	6334.3594	0	0	0	0	0	0	0	0	0	0	892.2287	314.80875	2551.3206	0	0	385.99326	0	856.60443	497.53745	0	1750.7999	437.062	104.15702	0	0	0	2248.5208	0	7845.194	0	9849.425	118.501205	0	0	826.10254	0	68.07444	0	14272.827	0	215.42273	0	279.7581	977.4551	371.00507	269.5662	644.7252	2304.2393	1825.7443	0	0	0	403.89105	0
2404QL2-D	15451.205	5139.8647	96.26852	0	0	330.27563	87809.66	6799.9536	6779.6567	7425.524	4633.1055	22007.088	3279.3628	1405.2826	29765.16	163.71799	0	0	4464.806	0	6047.932	158.8929	98.86823	0	0	398.39908	0	0	128.14061	0	257.02567	0	44.21357	327.67667	0	0	0	0	0	93.541595	168.54758	151.29514	0	183.74333	0	0	0	0	62.015533	334.5208	0	65.28357	0	78.308754	0	0	45.420284	0	0	0	0	0	43.698383	0	43.062565	0	58.500614	591.6094	0	0	33.030823	0	1512.1069	0	424.75357	0	198.00923	0	0	149.52396	0	0	176.0961	35631.215	158534.97	1197.5425	6883.3677	6111.472	0	0	2266.4395	0	1057.492	771.244	0	12001.984	15259.314	0	5251.4033	0	0	606.4935	1240.48	176.66615	0	0	0	1447.5818	0	0	0	0	0	148.93207	0	234.029	0	0	0	0	0	0	0	0	0	0	56.078327	0	0	0	1006.5535	0	0	0	0	70.68396	119.17849	0	0	0	0	712.37213	0	7441.783	0	0	0	0	259.04404	0	70.82924	0	0	0	0	0	0	385.63782	0	1033.7964	0	1705.8065	0	0	0	34373.066	3450.5261	4685.2	6301.3413	38359.605	0	80.42101	84.259926	40176.633	6719.703	211.24742	76.752686	32.085606	861.14294	182.75943	0	1613.0679	360.1059	36867.793	0
2404QL2-S	22583.791	582.19415	191.8291	0	0	198.48322	5799.797	7056.0034	586.7223	3492.5718	2327.8274	240739.86	5561.0576	180.34003	11846.166	0	0	0	5997.4453	0	15377.491	0	0	0	0	170.67233	0	0	0	0	0	0	0	0	0	0	0	0	0	0	0	0	0	0	0	0	0	0	94.233635	0	0	0	0	0	0	0	0	0	0	367.67758	315.86313	57.690834	66.11367	0	0	0	0	498.34378	0	0	57.609577	68.58232	370.09863	0	739.68353	72.887856	0	0	0	0	0	0	91.56845	23195.924	113792.55	1106.8419	1670.3964	372.341	0	0	1546.8159	0	93.64567	59.381756	0	18085.346	24003.885	0	4619.2964	0	0	159.78627	44.087296	327.96896	0	57.615124	0	121.072945	0	126.3312	0	0	0	79.048355	0	373.98584	0	0	0	0	0	0	0	0	0	0	0	0	0	0	370.33588	0	0	0	0	0	0	0	0	0	0	0	0	10035.721	0	0	0	0	400.76093	0	95.69131	0	0	0	0	0	0	2415.8757	0	1521.4718	0	2337.5344	0	0	0	35682.008	557.3739	1047.2416	9897.475	50117.99	0	120.381905	86.96024	28751.59	4448.782	73.879524	193.90718	52.32556	1642.2887	72.27562	0	133.01244	1901.3137	17434.813	0
2405QL2-D	7077.4277	2530.3713	0	0	109.58326	53.52001	11015.657	3168.1326	37457.664	2713.6775	1733.2573	142435.14	2576.1047	9378.46	23017.36	228.70238	0	1812.8021	5798.4087	0	7000.1284	252.564	395.51968	0	0	246.29538	108.45273	184.12135	331.85266	0	573.0139	0	181.26733	930.5228	411.99478	0	195.37024	323.69296	170.00839	517.1203	386.2186	183.55313	183.16039	185.53023	152.52293	66.86449	389.04102	160.01027	428.16092	460.38766	58.13499	65.93152	0	912.0385	117.79631	598.3993	54.18576	332.46976	0	69.73778	66.09634	0	0	0	121.15772	583.0412	243.67307	88.97271	0	163.77951	87.47503	47.523575	4086.5435	0	238.84496	79.10892	1673.9286	0	534.36395	204.85349	0	0	138.52028	34824.254	148523.8	1143.549	23904.59	2788.377	0	0	405.50238	211.46751	1894.2283	1040.959	0	5305.609	6948.707	50.19212	4205.8247	364.6234	113.89598	796.16425	0	272.6332	0	0	0	176.68166	0	39.23854	49.192787	0	0	209.1211	0	108.331985	0	97.281685	56.77173	625.8863	0	0	0	0	0	0	0	64.97071	0	0	2208.2334	0	0	0	517.6685	2809.5269	90.4535	0	844.6279	0	0	60.70097	63.02062	2483.6184	0	0	101.74792	0	222.84932	182.79918	159.96114	0	220.6887	0	0	0	0	277.00925	0	230.71164	0	228.3713	55.56641	0	0	23166.346	0	5163.8164	3905.2273	17392.473	440.6706	104.56688	80.68489	29869.135	6276.1284	126.742584	54.966095	68.806046	287.48724	132.4902	0	5761.3037	0	24367.24	0
2405QL2-S	15616.612	1003.65	189.39961	83.64146	141.39291	0	9727.516	960.09875	11211.26	4756.595	2469.317	407425.47	967.59015	705.77625	7194.7144	119.06307	0	0	6699.1665	0	13365.663	174.85056	1657.6565	0	0	405.26965	180.90726	0	0	0	0	0	0	155.93471	64.14743	0	73.35165	0	99.977005	69.82483	0	188.17532	0	136.27794	0	0	0	0	836.1167	0	0	109.12075	52.864613	89.25554	943.1684	69.52893	1437.2264	0	0	628.33356	1057.1592	555.1503	0	116.83047	66.26106	2999.1516	0	151.09775	0	164.4751	1108.5095	1038.8744	6549.547	0	987.58124	373.65857	63.81057	0	0	0	228.131	0	0	5828.269	34183.09	1699.357	4958.2676	514.3272	0	0	1353.6586	0	0	0	0	8578.892	12899.565	847.34033	12380.749	0	0	137.61424	143.87369	224.37964	0	94.6463	0	210.7307	58.728573	957.3362	95.88351	0	0	76.60833	83.94463	314.79886	0	0	84.67793	477.04755	74.04486	0	158.75887	53.94903	0	0	56.97844	262.37466	0	0	672.5232	0	0	0	113.11023	285.9947	0	0	920.476	0	0	112.44716	151.35432	6028.1294	0	46.632973	0	0	240.30927	140.45483	75.59734	0	457.22726	0	0	0	0	693.39453	0	1379.3578	0	1760.8292	206.4903	0	0	13769.1	62.846264	822.2155	4605.7695	30017.799	83.79266	106.5191	164.0903	7491.5605	3058.9697	117.69918	112.916985	783.1791	755.8455	192.13506	0	344.6486	1981.0991	4336.7007	0
2406QL2-D	856.07196	117.64172	313.40802	0	638.243	0	1876.8981	573.8035	2431.8162	442.67303	296.31503	8374.622	1705.7739	555.40265	1681.8751	1820.6368	3219.7856	17592.457	8553.004	5579.9165	1922.0608	3318.8447	6249.7373	2319.6465	643.32544	323.45752	1938.8777	3858.3408	5025.4297	1023.4746	5592.9053	5893.8223	4135.509	5223.507	5126.7686	7616.651	3470.3235	7185.488	6468.0527	1887.4607	957.3362	731.9592	1581.3215	1338.6461	839.402	372.94266	1152.7444	7213.4395	4021.9426	21304.512	1099.6376	694.87665	154.17432	10949.745	1567.8579	15899.979	899.0014	1186.675	0	2294.9932	4274.8037	3658.9065	227.57124	522.9875	4181.102	5256.414	1613.7302	530.2571	0	306.99347	693.86346	325.684	26928.563	364.46332	1372.3464	359.9555	11493.635	0	5162.738	3775.985	645.445	204.42549	2129.596	17508.602	66308.52	20673.867	2064.7307	34491.496	0	0	4721.2427	1567.683	8218.788	4739.16	0	607.8633	835.1898	1167.1359	932.102	2988.401	2879.6013	5338.144	418.48895	718.0655	0	208.21861	0	199.83153	273.81384	749.90485	372.6707	0	0	284.21786	328.11786	297.424	404.94357	832.6036	707.4293	3678.8748	7780.5317	221.24039	1046.9745	120.19733	0	252.16086	247.96777	303.944	803.0403	0	5780.4233	299.00812	0	0	1287.9885	52312.133	1040.8121	161.91171	3260.0127	0	513.1548	0	976.33246	13290.575	0	0	417.5306	0	431.30612	574.8207	648.2098	0	3667.642	0	0	252.04668	0	710.8323	280.7593	313.89438	0	285.2462	667.2775	452.6075	0	8765.691	142.2032	8239.455	1778.4534	12682.209	4768.552	1000.8161	2617.46	10519.567	7241.033	172.57237	273.7097	537.29614	650.5154	296.43234	0	9110.462	0	9882.596	1729.585
2406QL2-S	1974.5249	98.65245	88.35014	0	3079.3809	0	2274.8337	235.71567	5760.1777	422.48816	248.79352	8808.824	955.54974	952.6495	2889.2761	404.82697	1937.0646	895.35223	6207.566	8116.845	1605.8792	2452.802	5508.115	6925.5024	3225.556	1401.3293	1579.9634	10115.836	2923.854	262.0231	4315.643	7343.7646	2052.948	9190.405	19292.258	16635.818	5549.91	17167.268	27423.676	7816.4424	443.9998	122.88895	344.0158	383.24924	0	0	76.75781	1916.7926	300.6861	5178.248	260.6282	53.308407	0	9888.69	943.4923	56322.92	265.10162	1620.2656	0	159.21873	272.17963	166.7583	0	0	2231.7346	13435.94	1692.8602	153.29332	0	0	212.92374	353.2907	30044.822	179.38493	587.0503	595.6453	7788.4976	0	11527.978	5291.4146	173.88509	0	1298.2983	12133.325	48145.97	24654.879	4017.49	14679.463	0	0	2054.848	436.69244	9785.622	5822.33	0	1347.4866	1756.961	110.71449	831.576	708.76776	1302.464	2388.4985	325.4142	837.63904	0	49.547745	0	167.06535	59.508064	302.30923	81.223076	68.46541	0	118.6085	0	144.25069	589.12256	260.94083	82.28631	901.05365	15897.946	0	913.39813	55.862576	0	0	65.40003	77.97059	344.90274	0	3849.8025	0	0	0	0	87368.65	570.5987	47.344437	2136.9158	0	185.00493	0	139.46631	8671.375	0	0	0	0	223.95763	363.7598	115.9392	0	4600.862	0	0	0	0	1032.5933	439.1251	926.4094	0	885.4588	147.00911	509.9326	0	8180.967	57.50205	7078.825	2258.385	7596.2705	149.00438	670.3545	252.66685	10015.499	8990.216	112.73891	53.42419	197.67621	958.3168	73.22815	0	10569.127	0	7770.5654	189.15646
2407QL2-D	354.83502	0	140.554	0	538.5787	155.80151	2611.2666	473.8552	536.4153	81.12268	43.875065	102.33579	1374.2128	256.21368	223.37296	570.2081	1316.4152	3695.0632	10340.547	2830.1787	1713.6746	2073.1816	2944.7815	595.7865	317.20038	379.2268	773.25714	2263.79	15982.734	2529.3508	8679.343	14002.633	14531.255	3467.6223	4396.175	5035.47	3244.4229	7217.995	2414.2073	1774.6251	452.0532	450.18173	536.50714	631.5395	586.8146	275.49835	737.2039	38370.336	1187.7513	34338.17	2267.129	95.94516	0	8901.21	396.80386	43858.94	304.50888	2592.5212	503.03632	381.6282	200.92497	103.26095	0	134.05464	820.00183	2697.785	2183.7778	619.87036	305.4492	205.37929	531.1965	109.125854	46433.99	202.28603	1429.5972	292.74112	8681.532	0	4832.187	3214.5068	346.49033	163.05794	6512.2705	8634.015	32357.756	16023.576	220.15959	5522.9272	0	0	3289.6948	882.7767	22015.871	22347.035	0	0	0	63.104942	1040.0452	2177.1392	3743.3716	3884.862	84.941765	488.38394	0	0	0	160.69753	82.24072	110.52745	214.97963	0	0	3117.2192	254.17519	109.844215	234.77878	326.60092	228.93892	1154.0731	3750.9727	0	967.1911	0	0	73.5703	0	140.99165	496.89255	0	7892.9224	149.50655	0	0	443.56534	58622.957	305.1656	0	732.76733	0	300.6153	446.49612	244.03075	36133.426	0	0	221.31593	0	461.38235	216.43692	184.84814	0	1083.0173	0	0	0	0	825.5375	255.24205	560.09143	0	574.3661	231.06659	256.79193	0	11045.148	135.39098	21331.002	2894.1973	9709.933	1332.6086	391.9929	10233.81	10328.164	11541.178	120.15824	0	357.21817	844.65045	163.20526	0	9569.442	163.97517	11003.813	6315.1357
2407QL2-S	234.29788	0	140.27118	0	1331.4392	180.3395	3912.42	290.61014	713.328	141.78911	42.750687	53.078804	1451.3832	342.70795	235.96532	302.91208	944.16016	438.19928	10605.557	1584.7795	2343.5635	1328.567	3295.828	601.97296	449.2151	225.60417	808.8875	2143.7537	15613.992	804.4023	8158.162	7176.7495	8058.4966	2746.4775	8105.4204	2713.274	6102.0054	12217.846	6541.3257	3019.878	273.54712	230.8001	175.09235	244.061	0	0	232.90775	58179.246	476.30383	24581.205	2031.0651	0	0	5383.7197	515.3364	68585.74	162.04594	3949.9822	454.73987	323.46277	149.6709	0	0	89.93182	537.7426	7211.486	1158.3875	333.82544	154.8071	0	348.0117	0	26981.563	90.0646	704.3824	379.3789	4683.4736	0	8102.298	3097.69	204.29822	0	10652.159	5984.0674	24858.002	9251.804	270.26532	2540.579	0	0	1748.8258	570.303	24270.145	23622.973	0	496.29324	1535.8525	0	2170.9521	446.55786	1671.1373	2052.9685	334.6772	428.9174	0	0	0	130.78067	0	0	100.963036	0	0	229.84767	116.299324	414.36453	215.35638	136.71675	63.576225	1075.9176	3956.5647	0	644.6514	0	0	0	0	0	369.97757	0	9883.731	0	0	0	0	48809.81	181.00304	0	1008.1491	0	165.00203	400.2642	78.53462	34149.293	0	0	0	0	286.1333	0	82.317	0	853.6755	0	0	0	0	522.21893	277.9166	357.54587	0	376.62622	104.67963	221.11342	0	12541.033	4858.994	13775.627	11307.238	10162.389	105.31055	263.71326	6961.263	7353.5024	13610.677	120.561134	0	281.8657	497.28912	76.77538	0	4684.253	3315.3618	7286.7573	4935.3354
2408QL2-D	376.5149	0	257.6584	0	491.62137	0	2841.54	1641.9856	0	0	136.32448	647.1357	1764.5594	293.35007	316.03397	2927.2676	624.21185	9391.004	8541.145	278.63953	1449.2849	1962.7533	2302.1614	160.03241	271.1736	742.363	1185.3993	694.0707	8024.0674	2024.886	2211.9114	1089.5017	9366.39	797.95135	182.23225	589.7921	1074.1953	1272.7305	2607.0317	370.8243	24759.914	7047.328	6777.475	4773.4497	5244.922	5528.1147	6873.122	19596.215	6946.252	4156.4966	2037.9521	598.1711	0	1307.3895	1383.3579	4105.6006	942.5381	2906.0083	1057.256	731.55176	1024.1042	766.77	2347.4734	508.88367	2915.0642	1511.0143	484.3814	3532.087	0	849.9464	14016.462	766.0472	4139.0127	539.59454	2375.3235	1077.0347	6935.5854	0	916.0728	1880.19	1113.691	1090.9885	12580.504	2593.9595	8346.624	5933.981	0	767.7205	1086.7227	510.203	24537.11	3295.784	6251.535	7252.2944	1041.4515	0	0	319.0036	1331.5009	2609.7407	5018.026	2593.5884	216.44682	907.8142	0	237.9408	0	483.00583	295.59137	752.26215	622.3235	0	0	1256.9302	715.4666	327.5626	0	1169.8427	790.44476	2437.392	607.77	0	888.9108	0	0	260.5032	0	598.3468	892.8547	0	13834.859	482.55093	0	0	16919.467	6075.217	0	0	1097.8123	0	376.54218	530.2318	680.044	41737.54	0	0	681.06036	0	1531.6013	428.14108	797.8867	0	2100.0205	0	0	655.5086	0	3244.5251	234.85649	542.83484	0	421.4998	1090.8491	176.4148	0	6358.7813	308.31378	8911.729	1238.7988	19178.762	6759.327	1092.3087	30305.346	4662.6836	25538.03	480.92322	0	3338.358	2934.4102	673.9865	0	1633.4705	410.39188	5521.5317	14238.669
2408QL2-S	217.78627	0	332.6553	0	649.75024	0	3844.2847	335.82898	134.70824	112.48073	92.89848	0	490.77795	290.21268	0	171.8368	242.3373	385.7193	12645.669	271.035	1780.8446	2288.2664	1573.4315	231.11662	127.23403	319.63455	516.1396	450.70282	6068.9863	1387.4955	3064.2676	842.99835	19837.299	831.5855	439.59	865.53754	700.60925	3335.2617	902.97284	340.60196	180.86877	1244.0476	217.2115	139.55293	244.43742	230.13896	793.7519	61967.688	18720.71	7560.4775	3273.3667	2698.4333	5344.8706	5754.863	5903.1855	11154.933	1981.8882	4840.9185	5173.8896	3663.3774	5310.2837	13714.202	170.55273	1258.9757	1009.14716	1333.1425	1067.043	365.65588	203.80783	237.96393	5784.736	1379.1808	8636.366	105.42058	1869.2767	521.0166	5647.651	174.00734	2166.5334	2375.4595	683.2671	193.17644	15400.943	4891.5073	18109.725	4353.0947	0	707.6277	0	0	9068.788	610.1537	9754.943	8414.59	0	0	0	3448.863	0	387.88373	2921.9697	5428.031	1582.3029	411.49295	0	331.72485	0	238.19644	85.9527	1471.9927	273.20453	0	0	527.25397	426.78217	689.0609	183.3007	245.77565	206.9001	657.57263	380.22922	0	467.63748	0	0	97.56162	727.82666	125.21105	1245.6462	367.52594	7790.9863	103.27336	0	0	421.52188	7857.6494	105.77677	64.845856	1441.9004	0	124.4444	121.68425	353.89465	71089.93	0	0	406.95035	0	708.79474	540.327	73.82297	0	605.34106	0	0	126.374466	0	814.8361	289.94406	264.45468	0	171.80748	333.64117	116.36488	0	13417.155	0	23426.416	2356.7712	22852.879	351.24747	171.16133	34179.555	10006.205	38288.62	146.875	0	1183.5681	718.434	149.31903	0	3107.5728	80.98724	9061.656	22262.879
2409QL2-D	394.60944	0	166.92123	87.06306	7481.458	39.260998	2260.0332	125.95911	387.22214	293.4234	950.1996	0	532.2023	473.07587	261.39664	250.16061	0	108.27932	24765.506	115.43488	1169.8132	486.35468	5136.4316	493.27548	0	255.97578	180.69	289.12372	1839.1208	693.0415	1073.0239	143.48222	1593.5674	1362.5494	0	307.17505	233.63853	1146.053	778.6548	277.86255	66.80999	1256.1201	0	287.7958	528.0352	72.934586	405.6335	2088.1348	592.5343	1017.11053	135.36954	47.112164	0	4680.1563	8047.7026	21210.441	104.70857	1409.4575	232.38657	330.15405	350.4157	350.29974	1062.6888	9601.551	1298.6178	1734.428	1408.4786	11027.972	2080.2937	209.47198	61784.137	789.0259	4601.0566	684.10846	728.1845	1122.3584	3782.067	0	888.10504	1995.8403	144.79413	1111.5127	7429.7207	3160.4844	8404.301	22269.89	233.19623	265.53302	0	0	111536.15	282.15213	10238.099	8518.448	0	0	0	60.3563	0	326.53366	161.5796	1281.6917	76.119446	364.6601	0	0	0	112.412636	0	370.02133	89.79675	0	0	232.51869	192.09824	254.24478	0	52.29543	45.787216	537.3851	1146.1487	0	667.1064	39.457085	0	0	0	115.8532	277.96747	0	20692.355	0	0	0	183.05457	4507.2905	54.482983	0	1191.1583	0	84.2445	3502.0542	79.979614	84790.74	0	0	133.90427	0	2284.614	154.78098	55.711746	336.10117	458.34772	0	0	0	0	1575.8643	282.618	1355.0355	0	2206.0295	77.75257	182.01776	43.80027	11109.31	73.31284	26236.28	466.77045	69677.17	70.09924	104.11075	16362.192	13657.511	31960.723	80.4415	138.9748	6609.3	1356.049	364.03674	0	2935.1897	151.06087	12607.118	2556.4387
2409QL2-S	261.50333	0	352.7544	33.85162	2613.4517	45.19629	1672.4646	121.542404	210.57922	374.04828	1000.547	0	273.90918	296.10855	326.54797	277.51453	0	111.70805	27667.424	126.74621	1172.037	408.9432	8467.923	437.1479	0	364.12698	210.83362	280.14362	836.5633	174.16273	1283.0228	234.57759	2229.9412	1511.8157	199.30585	507.14053	244.72597	1911.9637	697.36755	323.18896	0	320.6583	0	334.5824	0	0	87.75887	4606.514	201.01065	4041.4766	325.76694	181.22844	0	4172.7524	2018.6736	18404.486	233.82935	1817.3738	328.6186	399.77267	371.29355	258.61697	1368.1986	121.66927	666.1067	3889.7632	1201.5676	679.56616	133.3663	11558.62	12276.508	105642.6	5903.4053	1077.1835	477.22522	318.34348	3445.449	387.05673	1450.12	2997.4758	100.10685	1344.9291	8311.78	4673.7715	14593.563	16567.865	393.45654	423.78473	0	0	115571.35	359.17093	7054.0825	7234.3516	0	202.17358	872.81116	135.09613	609.50494	216.73538	98.9536	1208.9965	7180.21	320.93515	0	200.33797	0	302.87943	0	701.0273	63.95313	0	0	97.030136	64.61147	1072.4366	0	0	49.169567	256.9938	2010.51	0	265.5257	77.063225	0	0	272.70032	126.74126	236.69556	0	3014.602	0	0	0	0	5858.1094	0	38.949337	761.4363	0	76.995056	783.1469	77.93237	99303.2	0	0	0	0	437.92065	187.6091	64.89734	64.19106	242.82335	0	0	0	0	4003.7683	972.19226	537.7272	0	735.71704	61.767403	273.42294	0	12910.378	6105.5884	19753.354	741.4906	70313.98	0	63.869446	1814.8468	12838.601	30277.701	336.43082	200.02106	1665.0349	979.8509	259.7612	0	2076.292	353.81668	13405.85	2776.9233
2410QL2-S	201.29245	0	82.74872	0	2176.7385	0	2240.2705	200.13191	838.821	179.0964	310.98035	43.061005	1175.793	483.92657	449.8163	518.4828	172.06786	773.38696	14837.932	334.77295	1631.1711	1055.3132	1888.0331	475.29626	169.83305	196.85936	155.07988	776.67426	5257.382	388.32434	4406.885	751.21045	6312.4204	1553.3655	284.281	1189.9916	390.3855	4197.172	1574.2765	703.18365	187.84685	3351.571	179.51604	562.098	287.3751	146.1076	299.461	8704.608	931.9438	12776.138	825.98285	117.55962	0	9348.14	1547.2402	34302.78	1155.4696	2517.931	1158.747	274.91385	220.40497	188.20117	490.90408	80.82814	1165.8488	711.1022	2080.2976	363.7702	188.72078	126.92184	8888.85	261.7858	13507.037	1223.488	1033.4297	3955.448	10418.415	9897.39	2986.1245	7546.5635	1657.851	1276.9297	7945.775	12772.922	41262.797	17237.213	410.26807	1407.5863	0	0	39147.914	563.58594	20013.914	13888.644	409.2942	0	0	324.43747	2476.8618	614.36206	299.66354	2950.0674	659.92377	308.44992	0	112.65089	0	186.7209	0	485.24182	65.40197	0	0	93.92436	118.846275	182.82114	143.3188	148.92113	54.23368	289.04596	808.9373	0	250.94507	177.91599	0	0	92.29402	82.37236	456.34988	0	17477.879	0	0	0	338.5012	10382.044	113.87817	0	662.3879	0	79.82113	59.898026	160.13882	45365.113	0	0	164.5228	0	356.54294	300.17526	79.17639	0	416.33557	0	0	0	75.18178	782.78033	192.66019	656.56287	0	1056.1473	628.5631	190.29074	0	14183.165	518.6123	32700.908	842.45465	48864.348	449.169	189.66098	7331.6055	24388.814	27704.422	111.75781	85.074875	1885.372	619.9978	94.8498	0	4219.315	218.67767	16887.863	7002.909
2502QL2-D	0	1022.2845	0	0	204.11595	0	3173.1704	1161.0728	671.8044	433.1635	1307.536	108.22821	6463.0396	372.44772	14554.041	914.56616	0	2192.6365	9607.403	0	2806.2373	504.53195	530.2566	0	0	0	237.02852	266.17017	319.27386	0	1251.34	0	3724.442	576.11914	0	0	245.78293	772.77136	857.5235	273.616	254.69786	323.50287	475.45697	825.3848	379.7331	100.005806	327.08096	2766.6301	1286.994	4171.0854	262.85352	290.9906	0	435.4793	0	97.705666	165.13239	506.40326	0	0	0	0	353.4255	0	301.98822	159.54553	356.28375	118.157135	0	0	204.1105	0	3733.1863	262.51508	302.53043	0	3448.7234	0	718.6067	2816.78	152.94432	0	529.9793	33985.14	134410.4	8436.394	14558.783	6098.7793	289.68866	168.93217	11013.95	776.00305	7992.9873	2536.6775	0	4105.8315	5619.6323	470.78525	5221.236	380.64642	355.61636	1003.4337	239.97215	0	0	262.60547	0	0	687.43774	0	0	207.36313	0	0	0	0	0	271.62756	155.92801	117.50426	94.096054	0	0	192.99211	0	605.4138	203.14786	0	82.346596	0	4249.6587	0	0	0	1054.0822	1854.737	302.2902	0	794.59564	0	259.6485	0	971.8697	54238.445	0	0	0	0	194.96672	428.32224	687.4072	0	1552.2393	233.34883	0	0	179.85808	0	0	0	0	0	182.18239	0	0	22541.256	288.19626	14289.115	4360.786	80241.93	554.0478	277.30157	518.50653	38928.17	13759.071	0	219.67177	159.3319	104.200935	0	0	1259.4271	0	24443.877	1563.4077
2502QL2-S	1977.4928	1070.1962	0	0	0	0	1794.3286	669.2382	399.36856	403.1793	1209.5287	49.039898	2167.2268	129.00099	19089.303	568.61975	0	0	12544.089	0	1463.4314	104.20183	1487.5088	0	0	35.147816	0	0	132.02719	87.3874	294.42017	0	1170.2422	658.99207	0	0	0	256.2088	0	131.2696	0	0	0	285.3275	0	0	63.907158	1369.0145	105.35896	1016.5311	0	66.85556	0	140.57759	0	55.218025	0	392.42245	0	0	0	0	0	44.92564	0	253.06235	173.16571	0	0	0	290.9726	0	1271.1233	440.80576	180.75877	0	938.9092	0	290.33337	1729.4275	0	50.69744	72.55497	31895.857	116043.91	21455.68	6062.7764	2124.1702	0	0	42419.1	0	4069.7964	1420.4564	0	1559.594	2040.1233	0	571.591	166.3133	0	454.0749	0	0	0	0	0	0	53.636513	0	0	0	0	0	0	65.23552	0	0	0	0	213.66457	0	0	0	0	0	0	0	0	0	5148.5107	0	0	0	0	677.6247	70.81343	0	0	0	0	39.946033	39.43538	54067.89	0	0	47.94068	0	0	0	203.31668	0	0	0	0	0	0	177.23587	0	255.44513	0	428.2199	0	0	0	18420.277	0	13703.286	1951.131	120463.77	0	0	2160.8374	41134.035	16620.5	0	75.61003	87.472275	262.79688	0	0	759.56903	135.58919	23329.166	897.96375
2503QL2-D	0	450.36337	0	0	0	0	3568.5676	1833.8298	1854.316	306.83337	807.40393	1095.5219	5683.9556	6224.6685	9977.189	425.2531	0	1074.4124	4267.573	0	2240.5303	448.94226	187.37968	0	0	221.22224	0	341.0224	327.3827	107.87239	1882.2352	0	3211.6235	760.9902	0	0	234.39444	294.0781	464.5004	384.80865	536.47485	357.5271	1140.618	171.12526	511.83173	182.77895	294.49063	2638.2217	382.19476	4421.674	353.15292	163.43437	0	638.10724	0	0	214.6586	482.3586	160.92265	143.28517	0	0	195.42241	179.36818	211.55446	0	193.36813	113.96595	0	0	300.66147	0	3734.6924	0	388.22974	0	2514.1948	0	277.91605	3473.141	205.88681	0	536.2083	27267.861	115228.45	3902.4446	12647.762	4139.9834	5541.9795	3266.1323	6041.366	786.21136	8210.312	2794.9556	147.59785	7550.876	10085.877	185.54633	7792.6543	359.467	550.8467	1448.7654	0	0	0	115.83177	0	217.49133	202.0063	0	0	0	0	147.44633	0	98.56104	0	425.1854	160.50024	0	0	0	0	0	0	178.3439	0	0	0	0	3917.033	0	727.0413	0	4184.9795	4218.597	687.98535	0	0	0	0	89.41768	340.1227	32190.818	0	0	129.7258	0	0	180.52724	307.42795	0	558.85944	0	0	0	0	126.23184	0	408.84378	0	674.5543	264.4262	0	0	25011.709	0	9043.004	7088.7183	40470.434	362.5345	363.45673	1677.61	36982.258	11213.318	0	202.70992	119.91636	435.06546	236.71881	0	3754.9885	147.4327	21663.744	2069.1885
2503QL2-S	72642.664	1126.4225	76.49459	0	300.35367	0	8646.445	2892.67	659.44446	581.4306	1657.1705	559.326	6460.2573	1664.0778	13665.681	0	0	0	3391.133	0	1489.7888	0	186.2521	0	0	0	0	0	0	0	0	0	302.58148	118.285545	0	0	0	0	0	0	0	0	0	0	0	0	0	116.38509	92.85083	474.50867	0	220.19193	0	0	80.87664	0	0	122.76055	0	0	0	0	147.80408	239.35298	0	0	0	151.16447	0	349.7927	962.12213	0	705.51184	0	654.2882	62.77235	97.40767	0	0	275.54852	0	0	0	15012.006	132387.22	2570.735	2509.8228	335.4703	0	0	13313.841	0	739.4004	277.0396	0	58824.88	75114.96	4672.3765	8727.534	0	0	151.89064	256.8118	0	0	244.8296	0	210.13727	149.23618	96.07591	0	0	0	0	0	87.02288	0	0	0	0	0	0	0	0	0	133.94397	0	0	0	0	636.0725	0	0	0	0	196.399	0	0	0	0	0	0	152.16147	21816.967	0	0	0	0	0	169.44269	0	0	182.35587	0	0	0	0	158.47447	0	380.6147	0	519.77045	0	0	0	78819.2	0	2917.7217	27754.527	25839.965	0	0	198.11559	18322.125	6650.0166	0	197.04831	84.9638	359.65628	1501.4103	0	170.47241	98.837494	9033.764	152.26976
2504QL2-S	16164.118	256.03436	0	0	0	0	3991.1172	4825.0034	2088.2683	212.68243	692.5978	70658.336	8359.014	2406.8142	3627.7815	0	0	187.46458	4608.5376	0	2922.6719	779.158	134.8436	0	0	119.20544	0	253.46378	202.06622	0	965.944	0	1886.4187	394.89063	0	0	92.337425	0	0	296.78168	0	235.99974	67.30715	0	0	0	61.149643	2150.0352	118.38972	2843.3076	191.77698	207.59898	0	114.026726	0	0	111.01158	175.94066	0	212.28972	0	0	0	0	0	0	0	516.8132	0	155.97322	136.99594	0	3093.0671	0	470.7168	96.82898	941.4843	0	117.21136	1112.5647	0	0	343.20245	27537.174	128314.34	1981.4232	2132.8174	3773.4258	0	0	5411.6846	212.08533	8486.711	3276.1433	0	17859.854	20381.938	5493.6855	12118.939	254.34152	382.26874	5491.928	94.58531	0	0	204.42278	0	252.11758	0	83.3741	0	0	0	389.79236	0	65.6726	507.41824	0	0	0	0	0	0	0	0	0	0	0	0	0	1756.7333	0	0	0	116.54748	1580.9128	261.76706	0	0	0	0	0	54.363968	28466.38	0	0	0	0	200.34369	78.006805	104.25332	0	82.06523	0	0	0	0	99.92582	0	156.37982	0	180.77014	0	0	0	32723.713	0	6210.7397	12073.459	39327.164	73.72883	83.9343	992.452	19757.465	8202.224	0	1290.7164	0	381.4439	412.22134	0	1861.9731	259.10776	16097.739	1865.5902
2505QL2-D	0	70.93198	0	0	0	0	432.4082	639.49927	288.00394	95.53793	288.3546	69005.23	7850.766	166.57648	684.7162	649.09314	0	4307.5405	2642.1936	0	5540.7744	542.9783	65.387245	0	0	124.45936	0	707.29236	599.1103	74.2842	5724.729	0	3517.4526	1026.1147	0	0	325.33414	93.629684	195.13283	668.7881	367.67386	165.0113	580.9135	197.8805	318.14743	113.61522	150.93257	2651.24	248.8989	13933.298	567.5703	0	0	1905.3672	0	0	119.192474	220.88388	0	179.85962	0	0	0	0	0	0	52.871773	47.749905	0	0	30.48013	0	2077.8032	0	554.5976	0	2556.3574	0	148.16551	2648.1042	140.50735	0	912.84344	42588.133	176312.2	1699.6537	390.14212	19929.557	0	198.64645	627.55566	862.3132	19475.697	9084.833	86.23983	466.20834	616.5499	63.297455	3834.4043	1397.9303	2986.613	1664.3562	59.884487	0	0	47.250977	0	0	83.477295	0	0	0	0	0	0	0	0	178.22133	0	0	0	0	0	0	0	76.23104	0	0	0	0	1840.7809	0	223.98987	0	582.20856	10873.474	617.768	0	0	0	0	0	105.00378	22765.775	0	0	0	0	0	79.68848	198.39786	0	222.17302	0	0	0	0	0	0	0	0	0	0	0	0	16383.193	0	6266.3677	2498.3147	20305.623	482.1397	188.92876	849.30707	30942.252	6444.892	0	142.69608	0	49.054867	0	0	6120.863	0	27313.941	4587.0176
2505QL2-S	0	169.01323	0	0	94.614	0	439.0221	1835.325	388.05762	110.41809	367.1397	140882.16	11059.098	1972.4913	423.71725	0	0	0	5263.213	0	6246.9697	1290.3682	851.6884	0	0	69.103546	0	440.4784	0	0	1670.7549	218.10844	1443.3684	884.75104	694.4507	73.83691	357.8454	0	148.3803	768.5307	134.38182	0	0	0	0	0	0	326.11603	67.94232	2345.7256	148.03683	144.42276	0	5193.015	0	930.7922	0	166.6146	0	0	0	0	0	0	0	664.9579	0	90.04347	0	201.47221	81.46092	73.71434	5133.491	0	940.03406	193.97505	341.89166	0	0	1027.1335	0	0	94.170204	34815.83	165373.5	2704.066	225.60268	6819.625	0	0	953.4538	0	9446.568	4899.9043	0	3187.6638	4099.958	1088.5872	7308.868	280.57568	218.61656	7943.8696	8432.488	0	0	207.2627	0	502.10672	58.730083	567.34924	0	0	0	105.46301	0	65.642784	1040.9446	0	0	2403.3518	66.70424	0	0	558.86554	0	0	323.6615	0	0	0	4467.2485	0	0	0	0	22579.941	96.69066	0	0	0	0	51.718567	0	12893.576	0	0	0	0	68.521454	77.12145	0	125.61806	103.57271	0	0	0	0	57.413498	0	177.09192	0	254.76611	0	0	0	22431.504	0	10606.71	4882.7964	14168.3	0	0	246.25967	32288.145	9185.919	0	192.77084	0	179.21428	63.300888	0	5443.1284	69.10789	29011.973	213.84029
2506QL2-D	2152.8892	0	2769.4468	339.10312	358.66226	0	0	640.3891	0	0	92.679726	8281.456	551.99725	0	0	244.57336	0	339.7343	1415.6597	0	841.3619	951.16565	2011.2292	60.439934	265.07178	1536.9375	463.90408	416.66028	0	456.74286	371.19937	127.46528	293.63306	464.5035	0	187.06918	730.22705	0	1959.4131	150.15613	390.84055	1872.5562	394.3882	189.25986	487.41238	529.6612	393.68588	86.06869	2883.083	896.2732	197.63098	6772.468	142.95378	323.41187	731.46906	96.339516	6329.0244	0	0	504.8513	9464.921	2107.8608	1411.2693	380.80203	1597.2312	706.123	0	1490.93	0	4975.0215	3316.736	4085.121	131.99974	219.20049	1199.8551	4534.1216	336.1608	0	0	916.2283	1978.2814	0	201.54678	1114.4321	4595.411	2901.7327	0	1851.2009	0	0	129.66013	235.22633	730.6697	347.30698	0	0	0	89062.36	0	237.64076	270.1635	839.705	12907.208	79861.8	4609.318	57807.75	3283.683	7811.3564	7838.322	15189.658	17955.363	5375.7983	3418.9265	21202.736	2615.2444	10078.743	520.51	864.97107	1870.328	6838.0977	662.068	520.3715	1164.6908	10513.96	194.44402	3378.7402	13349.65	2809.3474	320.7176	49.75272	34829.402	778.62213	503.10855	8378.768	599.0657	1263.2993	0	244.7773	248.46371	402.13614	511.0333	727.5192	8372.984	2111.3855	0	68.41639	4489.2754	117.47591	888.79	13306.974	1737.6946	2194.0767	4219.416	1294.4015	420.5554	52492.09	3708.2908	14462.295	135.64531	4028.745	89.15779	4842.2646	4254.099	458.37656	466.51855	768.5901	6212.2417	356.6703	161.65266	2413.0874	2072.8967	1168.4089	1110.2965	876.7326	1252.5577	666.4089	493.8544	2642.7253	9614.704	6051.5146	168.91269	405.31064	248.06429	903.8762	173.51202
2506QL2-S	1391.1582	0	1397.3225	3517.1306	4659.3545	0	0	611.21515	306.78772	97.97962	242.74136	4572.986	705.2986	315.26572	315.2603	459.2136	0	749.16895	2626.5068	245.40443	947.89624	2142.28	7257.809	444.73972	411.67764	778.45135	756.5934	1419.1553	253.95639	962.2827	1141.235	354.38437	654.0412	2076.5354	95.89485	721.43646	2102.5977	0	6785.2456	478.63043	872.465	2020.0217	787.4337	465.5479	628.51575	2966.9624	534.6632	165.74028	3866.1553	1198.6119	256.1995	4634.431	521.2069	2602.8457	3594.7095	843.4495	9929.421	241.22519	0	1266.6882	2584.6846	1736.318	1176.4257	426.9049	5428.233	3189.5447	0	986.66046	0	1201.0858	9847.889	4178.8916	519.86163	299.97665	2288.849	2351.9773	1229.7676	179.79085	0	3122.453	2840.5254	71.29087	408.0904	1417.1631	6247.911	13748.078	0	3199.496	0	0	590.24786	830.36584	3084.226	1435.6948	0	0	0	15021.186	193.03574	502.7191	538.9872	2174.9663	12435.834	13499.71	1323.4064	19758.059	428.00433	2713.2827	2047.3826	7833.3447	3550.105	6768.952	329.1493	4041.471	772.3639	3954.833	2062.6384	3878.4802	2742.5396	18577.988	3920.3157	37541.043	3726.5664	14307.23	11676.186	4472.242	31491.484	14218.641	4656.329	3684.3804	21334.236	10940.132	3946.559	14127.283	808.8872	6274.1895	69.110855	484.88654	1401.9744	525.2082	1048.5457	660.2039	7025.9277	1863.9879	0	117.133354	1032.0425	330.51193	894.4646	20255.098	1172.3779	2894.116	9687.37	1130.7664	195.8676	54225.875	2408.403	5445.3896	390.48996	2369.5723	0	2861.3083	3402.8184	1551.2211	498.5059	1362.2786	1550.5896	1215.3082	226.11057	1510.8198	4037.9497	2226.6514	1707.3673	2042.656	2490.081	479.75418	272.47702	7772.2515	4920.142	815.9186	0	1065.4012	234.1824	1806.8165	232.15509
2507QL2-D	751.3974	0	0	0	0	0	635.4765	806.40393	132.003	0	252.54063	8733.1	3445.163	113.22874	342.28693	1147.9442	590.0565	9373.252	4791.061	154.55235	2984.0408	1271.3408	1140.7855	0	161.43529	0	145.98267	861.03705	1041.8062	417.49796	2634.954	599.72076	2015.736	1493.5372	175.2935	1111.8705	844.10205	139.03804	1228.6105	537.94214	750.0243	472.748	1836.5198	595.4778	1269.7329	430.63492	3213.788	5213.1836	622.47546	23117.51	407.92697	229.8148	0	2579.3584	109.59747	1372.9159	353.60318	857.6131	0	0	193.313	0	194.86467	0	1009.96985	444.3412	76.42801	217.05972	0	0	944.5645	0	2354.3228	811.0044	1108.408	233.70605	1761.5245	0	135.25856	2905.0774	428.27136	0	2676.5813	15428.052	65483.652	15528.331	0	67931.35	363.88815	636.78503	3945.908	1417.1854	9226.763	4078.6555	0	826.10767	1078.5337	181.77611	1112.2666	2432.258	348.7654	3120.015	144.49384	673.2535	0	137.32675	0	0	290.01788	0	198.41452	0	0	0	207.20381	0	997.5187	648.4274	356.173	1715.5968	1294.7917	0	225.6328	0	0	249.17961	0	180.07227	336.74222	0	4305.8154	165.60266	0	188471.03	9627.807	17592.9	7355.5923	0	280.26038	866.22003	469.11646	434.72867	628.34436	9402.018	0	1396.8801	417.81897	139.87471	420.75235	334.4956	732.0905	0	1767.2288	0	0	0	0	304.40204	162.9519	171.31615	0	182.32057	402.12082	199.77875	0	7513.4873	0	5314.197	2278.478	8720.766	6565.945	865.07007	2320.1277	8436.3125	7200.0923	0	4094.6128	499.39188	305.46143	153.66408	0	4742.976	0	8085.6904	6858.9517
2507QL2-S	540.2016	0	133.47917	713.8704	171.23692	0	171.81633	352.40637	69.00068	42.868183	80.37248	3401.068	884.48737	0	0	331.38998	86.71188	549.385	2833.568	79.11253	976.1528	1498.465	18099.088	85.911064	194.65256	198.21063	318.72745	1333.2639	287.47925	414.54416	1193.5018	314.3213	543.0293	2971.109	173.43361	1324.0236	1614.2914	83.97057	4177.616	551.98834	415.60782	987.7728	424.46585	316.34753	0	0	276.54996	334.87674	1866.5656	5080.32	155.39879	493.77908	0	3090.9072	949.16266	1632.1172	688.7163	172.03357	0	269.70197	415.0054	276.4859	511.33725	976.8168	3303.0762	1546.996	110.14832	20724.35	0	316.5114	2777.4968	239.83397	1262.6249	203.08316	744.48566	547.7833	754.8835	0	77.34404	3420.8801	484.22876	101.23667	512.4432	3196.6917	14370.661	24528.828	0	6069.5854	0	0	4616.876	229.61238	3677.0317	2204.0613	0	305.45853	438.00943	666.76733	395.49084	412.62943	472.2458	1746.9664	1141.9327	643.03723	0	536.657	0	250.02798	1570.6519	245.34966	342.66464	353.47235	0	131.24208	273.43652	163.89716	446.50293	446.56427	2097.9197	437.07242	4884.9785	456.13974	1212.2598	313.5883	0	1403.6426	455.753	250.01512	125.20794	0	913.58325	241.66891	0	88327.93	327.7829	9578.59	150.55347	1744.3727	1840.9651	68779.2	3541.408	20936.115	4573.8423	3412.3042	4508.802	5938.666	6662.535	2736.8125	8153.706	755.4484	884.92444	2842.966	9699.471	347.7274	0	371.42548	278.83194	560.4446	1086.9912	758.8143	0	1113.1803	537.9121	2397.1963	312.46915	2347.563	311.76605	3424.487	401.7825	1336.0967	383.55637	2834.568	446.37415	6386.385	4766.5737	195.13766	1028.6588	1427.2418	854.7553	1897.0005	109.22893	4578.862	313.05853	1745.3885	2971.928
2508QL2-D	1153.4889	0	621.1092	1503.4063	3736.7998	0	708.05225	345.3688	549.7681	105.96851	193.05434	1800.2977	889.6037	726.2091	0	850.2398	278.9083	1641.7782	614.3188	369.88693	715.3677	2377.946	2821.9424	859.8554	0	695.2631	1707.6212	1188.1982	498.58575	1645.3888	1329.1042	318.63235	885.3988	1075.2827	0	737.17615	2236.7014	153.89403	9163.655	447.8215	1117.8345	3294.1357	1472.0391	831.2192	532.6341	626.60956	2301.3535	1009.00433	15173.992	2743.1018	426.06296	5343.326	225.79726	1473.8484	6985.8467	1217.794	7315.678	501.87692	0	509.13565	3700.6633	1688.2612	4309.022	984.47144	12181.047	489.8094	0	15327.622	0	1741.1616	15326.015	1731.3707	1480.1531	348.651	1785.7316	1792.3625	2991.2722	0	142.69293	3506.4773	3285.9214	209.52034	1021.43176	1821.0579	7274.37	15308.719	0	2872.651	0	0	11436.87	591.6173	2545.9695	1255.6782	0	0	0	13383.131	405.13672	655.23865	924.55817	1770.2345	5166.806	2232.1572	0	11248.942	3028.7715	2561.8276	7237.0254	1870.6527	1040.3983	1670.8448	218.1459	617.1597	976.8223	1089.1537	697.4021	2166.5842	6576.1094	1627.6143	1335.5883	1396.0718	2888.8545	14516.013	0	4817.7314	5839.961	1658.9509	866.7274	0	9773.75	842.57477	0	36630.43	4566.3374	3317.826	413.61658	1181.5044	3744.2305	0	2781.713	880.7946	26306.908	3888.2666	1087.015	0	5897.139	0	9837.929	47146.824	5007.895	19412.154	20529.686	17099.95	9299.776	34230.367	44949.375	18823.07	1215.8246	3653.3171	487.7714	3549.3113	4844.177	1762.7144	7404.7476	1847.3827	7557.457	2061.042	517.5441	2701.6548	6163.0684	2842.0796	1957.3279	2343.4114	4489.9	757.558	7800.1904	10222.051	14412.598	1572.7856	0	1055.9562	3078.0098	1462.3942	1480.0883
2508QL2-S	2685.821	0	603.12604	10644.432	2365.1335	0	0	0	0	0	0	335.05368	365.37857	280.34564	0	288.6248	0	370.10815	496.5401	189.22664	468.48517	1015.6861	7859.9507	767.23816	126.399055	1090.9448	773.39435	732.03326	239.22131	682.4602	645.7781	195.01953	333.98178	1071.5657	0	462.40628	1114.0156	81.68411	4610.4917	313.32437	337.4073	2185.779	332.6924	264.49252	343.30197	266.5639	337.65677	382.12003	3881.8918	953.5903	0	1616.916	0	2145.6345	6503.8574	836.89764	2788.5313	164.54225	0	511.8049	2081.8447	1304.2483	3592.9324	701.3258	4819.4805	449.1885	175.52284	9678.182	0	3245.1748	18593.668	1371.2698	615.61835	175.98596	1106.4979	1567.2136	449.2382	0	0	2153.5515	1341.9432	71.9852	514.94415	528.5047	2052.7905	14090.489	0	1879.8511	0	0	14739.882	219.95772	2216.6563	1484.7606	0	0	0	7003.053	0	262.67258	218.26306	837.98627	1560.1019	4897.638	0	2386.494	2194.5183	17733.842	1614.9357	1295.3103	426.41336	1202.0936	198.34659	479.6366	448.07697	1967.0764	1062.6874	537.4745	3532.9324	490.29913	1384.8865	908.3979	2535.761	5939.909	0	1542.858	1078.4818	2655.324	67.65331	0	6122.9707	304.92154	0	12141.121	828.17084	2981.162	241.98856	802.3115	3051.01	248.60283	2588.6611	2509.8516	9825.398	4099.677	367.3418	0	932.6991	555.11615	4084.7375	7615.852	1643.0892	63611.47	6573.103	817.3979	283.29236	3950.5376	3171.6938	23003.441	2155.0093	29064.014	2424.0884	33604.805	10423.881	5263.4365	12903.152	726.3206	138841.22	1186.5178	114.06533	2723.257	1579.3157	684.054	520.2416	1387.3379	1870.6731	1134.5741	3345.1494	16224.606	38624.184	3015.2446	306.00317	1608.195	1883.2281	635.725	574.4644
2509QL2-D	341.03635	0	0	122.08388	540.4701	0	617.1132	1054.6191	105.4785	81.17801	117.38172	185.658	2866.4607	184.46582	0	565.75507	406.2045	9518.803	4254.5903	184.9171	1438.9998	1716.902	702.3432	0	132.59764	281.10623	0	1044.9824	1340.204	591.5209	6503.2896	476.35178	6779.437	1645.9576	151.72226	1272.438	759.85345	506.8843	1162.9512	799.1904	782.8565	970.685	1184.8568	246.1944	566.9244	748.453	1878.8761	22813.578	1159.2914	12415.268	612.1572	417.6222	0	6730.4487	112.79182	4893.8335	404.52325	1328.5372	157.58304	473.68353	384.38208	0	676.87225	241.1585	749.76355	210.77731	223.57478	11380.956	0	138.75708	1121.9303	103.9408	5360.7876	201.18633	1217.5629	488.15204	1295.9702	0	422.8296	5078.973	480.18903	0	4457.063	15170.187	56626.105	12120.32	0	22643.582	0	0	4782.1914	1340.1305	18946.086	11546.159	0	280.4727	565.09235	562.8163	1460.5878	1678.8848	481.45508	6135.178	2168.6326	584.81903	0	897.87683	0	2836.7585	424.5189	127.82036	132.92975	170.04472	0	300.431	218.4738	189.23132	1026.5527	918.8087	329.48914	360.64478	487.73416	226.76057	561.67316	282.2797	0	483.05557	438.20474	138.57419	373.60727	0	12968.759	0	0	5724.2817	3539.6047	29690.4	2476.5076	0	274.3269	0	290.4364	826.4268	1723.6506	61240.645	0	0	363.6585	0	3307.0647	497.92813	568.4625	902.1702	5828.5107	199.21635	157.47937	190.04245	192.69896	959.13824	191.7256	949.2196	0	1571.4303	492.04962	167.29335	167.6919	12270.854	10763.918	20781.174	2627.113	20233.957	5665.3687	14294.677	9489.119	22951.168	15442.065	367.78662	2648.045	692.57764	1347.9274	494.6944	0	8196.015	322.53745	11552.058	19107.205
2509QL2-S	2016.0051	0	410.24203	53.661987	354.87003	0	0	615.4637	0	0	0	72.80186	1163.0348	0	0	253.90094	0	235.22543	7392.2095	0	636.33276	1275.8707	4915.658	0	0	2484.349	0	351.82242	449.262	254.03488	1332.4104	71.22373	2049.4426	958.49274	65.325226	256.25644	313.4131	99.49098	630.20624	349.93747	124.892975	3451.2996	98.41255	152.52628	393.93448	0	117.82878	3881.396	542.3461	2455.1106	204.54915	264.0658	0	4653.506	463.30988	1699.289	161.56003	143.70023	0	1494.5659	1289.681	300.4253	204.94571	1483.5292	462.26385	417.6692	40.82385	51632.55	0	430.49246	11802.605	432.2878	860.7965	124.17979	1769.9595	1846.9784	445.87784	0	92.03517	1552.0469	283.7842	0	1018.1902	6661.432	25848.887	13223.852	0	14766.988	0	0	3586.3716	884.77	5500.5664	3087.4143	0	0	0	1416.0444	0	321.2855	553.4342	6290.6504	1825.5885	1181.1799	0	2060.5645	0	13073.017	185.36732	1947.1337	210.0439	278.71365	0	334.42514	234.61249	1406.4967	150.31145	215.6836	263.793	949.6964	630.2985	360.66574	704.3266	156.53322	0	178.08267	543.0964	385.25406	142.7693	0	35891.09	81.4871	0	0	238.32755	11047.529	1535.5802	80.97743	126.5281	260.20154	327.8073	40567.89	432.18475	31958.148	72.253296	36.624218	535.91284	0	13065.726	613.1718	287.2258	182.72772	768.33466	90.58281	0	422.7175	83.96649	3426.2314	318.13864	18622.256	0	18512.85	243.22104	417.72815	422.5184	4917.778	2622.4934	9363.755	417.56723	16735.496	117.45686	12265.741	1254.2157	11481.173	8949.1	9610.496	2759.138	4993.2617	86382.41	13256.314	2810.0964	3347.7917	6918.6104	6079.8306	10487.867
