	C1	C2	C3	C4	C5	C6	C7	C8	C9	C10	C11	C12	C13	C14	C15	C16	C17	C18	C19	C20	C21	C22	C23	C24	C25	C26	C27	C28	C29	C30	C31
2403QL2-D	0.022	1.081333333	1.318	2.454333333	0.186	1.192666667	0.579333333	0.518333333	1.078333333	0.479	0.219333333	0.005666667	0.504666667	1.486333333	1.617666667	0.117	0.004666667	1.596666667	1.980666667	1.253333333	2.242333333	1.459333333	1.579666667	0.137666667	0.226333333	0	1.171	1.236	1.517	1.276333333	0.831333333
2403QL2-S	0.045333333	0.637666667	0.747666667	1.930333333	0.183	0.522333333	0.038333333	0.508333333	1.035	0.843333333	1.142333333	0.409666667	0.333666667	1.265	1.377666667	0	0.080666667	0.915	0.812333333	0.953333333	1.371	1.102666667	0.919666667	0.12	0.625	0	1.037	1.354	1.381333333	1.281666667	0
2404QL2-D	0	1.216666667	1.654	2.771	0.480333333	1.698	0.196666667	0.469333333	1.301	0.095	0.161666667	0.273666667	0.123	2.248333333	0.395	0.221666667	0.083333333	1.255	1.091	1.31	2.144333333	1.946666667	1.322666667	0.360333333	0.987666667	0	1.491	1.099	1.074666667	0.916666667	0.49
2404QL2-S	0.002333333	1.310333333	1.469	1.977	0.168666667	0.059333333	0.011666667	0.156333333	0.48	0.003333333	0	1.443333333	0.016333333	1.400333333	0.569666667	0.014	0.074333333	1.657333333	1.369333333	0.077333333	1.620666667	1.561333333	0.756333333	0.022	0.124333333	0.000333333	1.244333333	0.607	0.317	0.396333333	0.053666667
2405QL2-D	0.011	0.591333333	0.738333333	2.437666667	0.025333333	0.155	0	0.063666667	0.397	0.002666667	0.004	0.035	0.047333333	0.816666667	0.163666667	0.000333333	0.022	1.421	0.532333333	0.569666667	2.219333333	1.021666667	0.483333333	0.016333333	0.045333333	0.001666667	0.369666667	0.165333333	0.093666667	0.255	0.054
2405QL2-S	0	0.901	1.001666667	1.429	0.121	1.052666667	0	0.266	0.540333333	0	0.017	0.01	0.238666667	0.970666667	0.67	0.004333333	0.149666667	1.136666667	0.546	0.767	1.025333333	0.774666667	0.316	0.028	0.067333333	0	0.549333333	0.712666667	0.638333333	0.307	0.026
2406QL2-D	0	0.083	0.252	0	0.003	0.008	0	0	0.007	0	0.002333333	0.000333333	0.003	0.496333333	0.107	0	0.078666667	0.523666667	0.391666667	0.011666667	0.743333333	0.597666667	0	0.003333333	0	0	0.454333333	0.352666667	0.248	0.007666667	0.009
2406QL2-S	0	0.276333333	0.547333333	1.226666667	0.007666667	0.890666667	0.002333333	0.034333333	0.003666667	0.001	0.001333333	0	0.003	0.678333333	0.291333333	0	0.147	1.146	0.304666667	0.087	0.504	1.189333333	0.408	0	0.028	0	0.565666667	0.266333333	0.281	0.01	0.07
2407QL2-D	0	0.150222222	0.072666667	0.037777778	0.001555556	0.101777778	0.001333333	0.060444444	0.039333333	0.015777778	0.002444444	0.009777778	0.005111111	0.051777778	0.055111111	0.001555556	0.029111111	0.013777778	0.024888889	0.015333333	0.069777778	0.093333333	0.080444444	0.002222222	0.002666667	0	0.057777778	0.008888889	0.006222222	0.035333333	0.002
2407QL2-S	0.000666667	0.118666667	0.24	0.451666667	0.002	0.029	0.004	0.014666667	0.008	0.004333333	0.002	0.012333333	0.021	0.088	0.085666667	0.000666667	0.067	1.223	0	0.115	0.090666667	0.307	0	0.003	0	0	0.019	0.210333333	0.065333333	0.008	0.041666667
2408QL2-D	0.613	0.770333333	0.763666667	1.644	0.048333333	0.943333333	0.000666667	0.055666667	0.203666667	0.212	0.182	0.067333333	0.115	1.227666667	0.514	0.120666667	0.110666667	1.181	1.289666667	0.877	1.183	1.029	0.463666667	0.024	1.395	0.080666667	1.083333333	0.88	0.961666667	0.376	0.397666667
2408QL2-S	0.228	0.664	0.862333333	1.885666667	0.220333333	0.796666667	0.019666667	0.127666667	0.626666667	0.132333333	0.098666667	0.045333333	0.189666667	1.073666667	0.387	0.002	0.216333333	1.355	1.104333333	0.580333333	1.163	1.160333333	0.523333333	0.677	0.974	0.014333333	0.940666667	1.112	0.940333333	0.462	0.485
2409QL2-D	0.077	0.723	0.194666667	0.463333333	0.125666667	0.491	0.116666667	0.11	0	0.065666667	0.006666667	0.004	0.116333333	0.360333333	0.168	0	0.142666667	0.077666667	0.091333333	0	0.135333333	0.095	0.156333333	0	0.294666667	0.067333333	0.297333333	0.498666667	0.343	0.091	0.065666667
2409QL2-S	0	0	0.041333333	0.316333333	0	0	0.031333333	0.157	0.238666667	0	0.035333333	0	0	0.117666667	0.087333333	0	0	0.030666667	0.129	0	0.005333333	0	0	0	0	0	0	0.412333333	0.120333333	0.072333333	0.020333333
2410QL2-S	0	0.036	0.004	0	0	0.074	0	0	0	0	0	0	0.061	0.057333333	0	0.008	0.045333333	0.141	0.426666667	0.043666667	0	0.450666667	0.089333333	0	0	0	0	0.894666667	0.186	0	0.146666667
2502QL2-D	0.002666667	0.220333333	0.282	0.278333333	0.001666667	0.003333333	0.004	0.042333333	0.156333333	0.014333333	0	0.014666667	0.031333333	0.274	0.024333333	0	0.004666667	0.964666667	0.299666667	0.254666667	0.393666667	0.292666667	0.162666667	0	0.048333333	0.004	0.216	0.106	0.078666667	0.080666667	0.037666667
2502QL2-S	0.007	0.000333333	0.004666667	0	0.004333333	0	0.004333333	0.005666667	0.006333333	0.026666667	0.004666667	0.011666667	0.017666667	0.000333333	0.015666667	0	0.000666667	0.001666667	0.000666667	0.017	0.001	0.002	0.000333333	0.007	0.001333333	0	0.01	0.131666667	0.005	0.000333333	0.004333333
2503QL2-D	0.864	0.982	0.947666667	1.843333333	0.067666667	1.320666667	0.018666667	0.287333333	0.225333333	0.011666667	0.001666667	1.540666667	0.523333333	1.474	1.110333333	0	0.194333333	0.902	1.095333333	0.606	1.813666667	1.383	1.120666667	0.003	1.555666667	0.001	1.435	1.128666667	1.186666667	0.014	0.369666667
2503QL2-S	0	0.057333333	0.055333333	0.451666667	0.079333333	0.012333333	0	0.092	0.182333333	0	0.030333333	0	0.021666667	0.099333333	0.051666667	0	0.000666667	0.003333333	0.344666667	0.082	0.022666667	0.095333333	0.041	0	0.174333333	0	0.06	0.223333333	0.251	0.141333333	0.081
2504QL2-S	0.001666667	0.001333333	0	0.003333333	0.007	0.007	0.000333333	0.014333333	0.004666667	0.002666667	0	0.012666667	0	0.003333333	0.003	0	0.014	0.005666667	0.011333333	0.014	0.017333333	0.006666667	0	0.011666667	0.002333333	0.005	0	0.146	0.013333333	0.001	0.009666667
2505QL2-D	0	0	0.001	0.001333333	0.003	0.009333333	0.004	0.004666667	0	0.000666667	0.002666667	0.021666667	0.002	0.003	0.001	0	0	0.002666667	0.002666667	0	0.000333333	0	0	0	0	0.003666667	0.003333333	0.043666667	0.007666667	0.015666667	0.006333333
2505QL2-S	0.006666667	0.007	0.000666667	0.001666667	0.005333333	0.000333333	0	0	0.004	0.006	0.001666667	0.034666667	0.000333333	0	0.000333333	0	0.000333333	0.002	0.000666667	0.002	0.001666667	0.000333333	0.000333333	0.003333333	0.001666667	0.001666667	0.001	0.085	0.016	0.012333333	0.012666667
2506QL2-D	0.008	0.044	0.095666667	0.296	0.002666667	0.008333333	0.005666667	0.141333333	0.214333333	0.005	0.003666667	0.014333333	0.003	0.06	0.157333333	0.008333333	0.055333333	0.009	0.083666667	0.081333333	0.052333333	0.283	0.005666667	0.006	0.04	0.005666667	0.042333333	0.205	0.262333333	0.197666667	0.200666667
2506QL2-S	0	0.001666667	0.115333333	0.291	0.015666667	0.089	0.004666667	0.275	0.343666667	0.003333333	0.007333333	0.016333333	0.003666667	0.335	0.003333333	0.029	0.002	0.006333333	0.392666667	0.004333333	0.015	0.05	0.002	0.007666667	0.002666667	0	0.069333333	0.221333333	0.322666667	0.315	0.232
2507QL2-D	0	0.603666667	0.372666667	0.654666667	0.097666667	0.477666667	0	0.092	0.286	0.067333333	0.001666667	0	0.046	0.608666667	0.278666667	0	0.189666667	0.901333333	0.672333333	0.596	0.583333333	0.594333333	0.099	0.002666667	0.394	0	0.262333333	0.244333333	0.534333333	0.229666667	0.026333333
2507QL2-S	0	0.358	0	0.400666667	0	0.020333333	0.015	0.076666667	0.319333333	0.048333333	0.002333333	0	0	0	0.066	0.002333333	0	0.017333333	0.231	0	0.841666667	0.343666667	0	0.057333333	0.212	0	0.011666667	0.842	0.606333333	0.434	0.662
2508QL2-D	0.023	0.579333333	0.25	1.158666667	0.051666667	0.386	0.003	0.041666667	0.152	0.021666667	0.018666667	0.009666667	0.012	1.300333333	0.011	0	0.018	0.933666667	0.398	0	0.556	0.826333333	0.007333333	0	0.078666667	0	0.005	0.781666667	0.363333333	0.125	0.018333333
2508QL2-S	0	0.019666667	0	0.332	0.015666667	0.062333333	0.001	0.041	0.401	0.004333333	0.005333333	0	0.015333333	0.142	0.014	0.030666667	0.007333333	0.004666667	0.29	0.005666667	0.018666667	0.093	0.065333333	0.033666667	0.106	0	0.022666667	0.441	0.403333333	0.36	0.234666667
2509QL2-D	0.000666667	0.376	0.358666667	1.024666667	0.018333333	0.261333333	0.004	0.045333333	0.174333333	0.000666667	0.008333333	0.003666667	0.011	0.598666667	0.238666667	0	0.086	1.012333333	0.232666667	0.246666667	0.001	0.476	0.003666667	0.032	0.557	0	0.366	0.576666667	0.787666667	0.133	0.034333333
2509QL2-S	0.001333333	0.072333333	0.001333333	0.020666667	0	0.024	0.004666667	0.054	0.206	0	0.006	0	0.014	0.007	0	0.009333333	0.018333333	0.001666667	0.148	0	0.026333333	0.147333333	0.000666667	0.009666667	0.055666667	0	0.026333333	0.207666667	0.169	0.188333333	0.050333333
