	2403QL2_maxbin2_bin.0	2403QL2_maxbin2_bin.2	2403QL2_maxbin2_bin.37	2403QL2_maxbin2_bin.58	2403QL2_maxbin2_bin.70	2403QL2_maxbin2_bin.73	2403QL2_maxbin2_bin.9	2403QL2_metabat2_bin.1	2403QL2_metabat2_bin.10	2403QL2_metabat2_bin.12	2403QL2_metabat2_bin.2	2403QL2_metabat2_bin.21	2403QL2_metabat2_bin.28	2403QL2_metabat2_bin.29	2403QL2_metabat2_bin.30	2403QL2_metabat2_bin.31	2403QL2_metabat2_bin.36	2403QL2_metabat2_bin.37	2403QL2_metabat2_bin.40	2403QL2_metabat2_bin.5	2403QL2_metabat2_bin.55	2403QL2_metabat2_bin.58	2403QL2_metabat2_bin.7	2403QL2_metabat2_bin.71	2403QL2_metabat2_bin.76	2403QL2-D_maxbin2_bin.2	2403QL2-D_maxbin2_bin.36	2403QL2-D_maxbin2_bin.41	2403QL2-D_metabat2_bin.12	2403QL2-D_metabat2_bin.18	2403QL2-D_metabat2_bin.24	2403QL2-D_metabat2_bin.25	2403QL2-D_metabat2_bin.26	2403QL2-D_metabat2_bin.31	2403QL2-D_metabat2_bin.33	2403QL2-D_metabat2_bin.34	2403QL2-D_metabat2_bin.42	2403QL2-D_metabat2_bin.50	2403QL2-D_metabat2_bin.63	2404QL2_metabat2_bin.12	2404QL2_metabat2_bin.15	2404QL2_metabat2_bin.26	2404QL2-D_maxbin2_bin.14	2404QL2-D_maxbin2_bin.28	2404QL2-D_maxbin2_bin.29	2404QL2-D_metabat2_bin.14	2404QL2-D_metabat2_bin.23	2404QL2-D_metabat2_bin.34	2404QL2-D_metabat2_bin.48	2404QL2-D_metabat2_bin.53	2404QL2-D_metabat2_bin.54	2404QL2-D_metabat2_bin.8	2405QL2_maxbin2_bin.13	2405QL2_maxbin2_bin.21	2405QL2_maxbin2_bin.23	2405QL2_maxbin2_bin.42	2405QL2_metabat2_bin.10	2405QL2_metabat2_bin.14	2405QL2_metabat2_bin.5	2405QL2_metabat2_bin.60	2405QL2-D_maxbin2_bin.39	2405QL2-D_maxbin2_bin.52	2405QL2-D_maxbin2_bin.80	2405QL2-D_maxbin2_bin.84	2405QL2-D_metabat2_bin.17	2405QL2-D_metabat2_bin.27	2405QL2-D_metabat2_bin.33	2405QL2-D_metabat2_bin.34	2405QL2-D_metabat2_bin.4	2405QL2-D_metabat2_bin.42	2405QL2-D_metabat2_bin.56	2405QL2-D_metabat2_bin.59	2405QL2-D_metabat2_bin.68	2405QL2-D_metabat2_bin.87	2406QL2_maxbin2_bin.75	2406QL2_maxbin2_bin.79	2406QL2_metabat2_bin.25	2406QL2_metabat2_bin.32	2406QL2_metabat2_bin.39	2406QL2_metabat2_bin.51	2406QL2_metabat2_bin.65	2406QL2_metabat2_bin.75	2406QL2_metabat2_bin.79	2406QL2_metabat2_bin.85	2406QL2_metabat2_bin.96	2406QL2-D_maxbin2_bin.123	2406QL2-D_maxbin2_bin.62	2406QL2-D_maxbin2_bin.97	2406QL2-D_metabat2_bin.101	2406QL2-D_metabat2_bin.103	2406QL2-D_metabat2_bin.29	2406QL2-D_metabat2_bin.39	2406QL2-D_metabat2_bin.47	2406QL2-D_metabat2_bin.56	2406QL2-D_metabat2_bin.64	2406QL2-D_metabat2_bin.83	2406QL2-D_metabat2_bin.87	2406QL2-D_metabat2_bin.89	2406QL2-D_metabat2_bin.94	2407QL2_maxbin2_bin.30	2407QL2_maxbin2_bin.42	2407QL2_maxbin2_bin.52	2407QL2_metabat2_bin.13	2407QL2_metabat2_bin.14	2407QL2_metabat2_bin.20	2407QL2_metabat2_bin.23	2407QL2_metabat2_bin.25	2407QL2_metabat2_bin.3	2407QL2_metabat2_bin.31	2407QL2_metabat2_bin.36	2407QL2_metabat2_bin.42	2407QL2_metabat2_bin.67	2407QL2_metabat2_bin.88	2407QL2-D_maxbin2_bin.13	2407QL2-D_metabat2_bin.36	2407QL2-D_metabat2_bin.53	2407QL2-D_metabat2_bin.77	2407QL2-D_metabat2_bin.88	2408QL2_maxbin2_bin.15	2408QL2_maxbin2_bin.18	2408QL2_maxbin2_bin.31	2408QL2_maxbin2_bin.36	2408QL2_maxbin2_bin.65	2408QL2_maxbin2_bin.72	2408QL2_metabat2_bin.10	2408QL2_metabat2_bin.13	2408QL2_metabat2_bin.24	2408QL2_metabat2_bin.26	2408QL2_metabat2_bin.29	2408QL2_metabat2_bin.3	2408QL2_metabat2_bin.31	2408QL2_metabat2_bin.39	2408QL2_metabat2_bin.52	2408QL2_metabat2_bin.57	2408QL2_metabat2_bin.6	2408QL2_metabat2_bin.66	2408QL2_metabat2_bin.75	2408QL2_metabat2_bin.8	2408QL2_metabat2_bin.82	2408QL2_metabat2_bin.85	2408QL2_metabat2_bin.9	2408QL2_metabat2_bin.90	2408QL2_metabat2_bin.92	2408QL2-D_maxbin2_bin.0	2408QL2-D_maxbin2_bin.115	2408QL2-D_maxbin2_bin.3	2408QL2-D_maxbin2_bin.31	2408QL2-D_metabat2_bin.34	2408QL2-D_metabat2_bin.43	2408QL2-D_metabat2_bin.46	2408QL2-D_metabat2_bin.50	2408QL2-D_metabat2_bin.53	2408QL2-D_metabat2_bin.56	2408QL2-D_metabat2_bin.6	2408QL2-D_metabat2_bin.62	2408QL2-D_metabat2_bin.8	2408QL2-D_metabat2_bin.80	2408QL2-D_metabat2_bin.85	2408QL2-D_metabat2_bin.87	2409QL2_maxbin2_bin.26	2409QL2_metabat2_bin.56	2409QL2_metabat2_bin.89	2409QL2_metabat2_bin.95	2409QL2-D_maxbin2_bin.100	2409QL2-D_metabat2_bin.13	2409QL2-D_metabat2_bin.22	2409QL2-D_metabat2_bin.4	2409QL2-D_metabat2_bin.41	2409QL2-D_metabat2_bin.56	2409QL2-D_metabat2_bin.66	2409QL2-D_metabat2_bin.67	2409QL2-D_metabat2_bin.73	2409QL2-D_metabat2_bin.76	2409QL2-D_metabat2_bin.83	2409QL2-D_metabat2_bin.89	2410QL1_maxbin2_bin.24	2410QL1_maxbin2_bin.85	2410QL1_maxbin2_bin.86	2410QL1_metabat2_bin.112	2410QL1_metabat2_bin.116	2410QL1_metabat2_bin.14	2410QL1_metabat2_bin.24	2410QL1_metabat2_bin.26	2410QL1_metabat2_bin.40	2410QL1_metabat2_bin.43	2410QL1_metabat2_bin.5	2410QL1_metabat2_bin.51	2410QL1_metabat2_bin.84	2410QL1_metabat2_bin.88	2410QL1_metabat2_bin.90	2502QYL2-D_maxbin2_bin.15	2502QYL2-D_maxbin2_bin.2	2502QYL2-D_maxbin2_bin.5	2502QYL2-D_metabat2_bin.31	2502QYL2-S_maxbin2_bin.34	2502QYL2-S_maxbin2_bin.51	2502QYL2-S_maxbin2_bin.53	2502QYL2-S_metabat2_bin.1	2502QYL2-S_metabat2_bin.3	2502QYL2-S_metabat2_bin.45	2502QYL2-S_metabat2_bin.49	2502QYL2-S_metabat2_bin.51	2502QYL2-S_metabat2_bin.54	2502QYL2-S_metabat2_bin.6	2502QYL2-S_metabat2_bin.79	2502QYL2-S_metabat2_bin.9	2503QYL2-D_maxbin2_bin.105	2503QYL2-D_maxbin2_bin.106	2503QYL2-D_maxbin2_bin.112	2503QYL2-D_maxbin2_bin.113	2503QYL2-D_maxbin2_bin.32	2503QYL2-D_maxbin2_bin.37	2503QYL2-D_maxbin2_bin.69	2503QYL2-D_maxbin2_bin.89	2503QYL2-D_maxbin2_bin.94	2503QYL2-D_metabat2_bin.14	2503QYL2-D_metabat2_bin.15	2503QYL2-D_metabat2_bin.2	2503QYL2-D_metabat2_bin.31	2503QYL2-D_metabat2_bin.34	2503QYL2-D_metabat2_bin.50	2503QYL2-D_metabat2_bin.6	2503QYL2-D_metabat2_bin.75	2503QYL2-D_metabat2_bin.83	2503QYL2-D_metabat2_bin.9	2503QYL2-D_metabat2_bin.91	2503QYL2-D_metabat2_bin.97	2503QYL2-S_maxbin2_bin.8	2503QYL2-S_metabat2_bin.10	2504QYL2-D_maxbin2_bin.104	2504QYL2-D_maxbin2_bin.110	2504QYL2-D_maxbin2_bin.13	2504QYL2-D_maxbin2_bin.24	2504QYL2-D_maxbin2_bin.28	2504QYL2-D_maxbin2_bin.50	2504QYL2-D_maxbin2_bin.63	2504QYL2-D_maxbin2_bin.97	2504QYL2-D_maxbin2_bin.98	2504QYL2-D_maxbin2_bin.99	2504QYL2-D_metabat2_bin.13	2504QYL2-D_metabat2_bin.29	2504QYL2-D_metabat2_bin.41	2504QYL2-D_metabat2_bin.46	2504QYL2-D_metabat2_bin.62	2504QYL2-S_maxbin2_bin.25	2504QYL2-S_maxbin2_bin.29	2504QYL2-S_maxbin2_bin.82	2504QYL2-S_metabat2_bin.72	2504QYL2-S_metabat2_bin.77	2505QYL2-D_maxbin2_bin.10	2505QYL2-D_maxbin2_bin.25	2505QYL2-D_maxbin2_bin.28	2505QYL2-D_maxbin2_bin.29	2505QYL2-D_maxbin2_bin.32	2505QYL2-D_maxbin2_bin.64	2505QYL2-D_metabat2_bin.13	2505QYL2-D_metabat2_bin.20	2505QYL2-D_metabat2_bin.37	2505QYL2-D_metabat2_bin.42	2505QYL2-D_metabat2_bin.47	2505QYL2-D_metabat2_bin.49	2505QYL2-D_metabat2_bin.53	2505QYL2-D_metabat2_bin.6	2505QYL2-D_metabat2_bin.77	2505QYL2-D_metabat2_bin.83	2505QYL2-D_metabat2_bin.90	2505QYL2-D_metabat2_bin.98	2505QYL2-S_maxbin2_bin.62	2505QYL2-S_metabat2_bin.1	2505QYL2-S_metabat2_bin.33	2505QYL2-S_metabat2_bin.58	2506QYL2-D_maxbin2_bin.1	2506QYL2-D_maxbin2_bin.32	2506QYL2-D_maxbin2_bin.4	2506QYL2-D_maxbin2_bin.41	2506QYL2-D_maxbin2_bin.61	2506QYL2-D_maxbin2_bin.83	2506QYL2-D_metabat2_bin.25	2506QYL2-D_metabat2_bin.28	2506QYL2-D_metabat2_bin.36	2506QYL2-D_metabat2_bin.38	2506QYL2-D_metabat2_bin.43	2506QYL2-D_metabat2_bin.49	2506QYL2-D_metabat2_bin.52	2506QYL2-D_metabat2_bin.55	2506QYL2-D_metabat2_bin.63	2506QYL2-D_metabat2_bin.7	2506QYL2-D_metabat2_bin.73	2506QYL2-D_metabat2_bin.8	2506QYL2-S_maxbin2_bin.111	2506QYL2-S_maxbin2_bin.13	2506QYL2-S_maxbin2_bin.130	2506QYL2-S_maxbin2_bin.141	2506QYL2-S_maxbin2_bin.34	2506QYL2-S_maxbin2_bin.74	2506QYL2-S_metabat2_bin.15	2506QYL2-S_metabat2_bin.17	2506QYL2-S_metabat2_bin.18	2506QYL2-S_metabat2_bin.23	2506QYL2-S_metabat2_bin.29	2506QYL2-S_metabat2_bin.36	2506QYL2-S_metabat2_bin.41	2506QYL2-S_metabat2_bin.56	2506QYL2-S_metabat2_bin.6	2506QYL2-S_metabat2_bin.67	2506QYL2-S_metabat2_bin.68	2506QYL2-S_metabat2_bin.7	2506QYL2-S_metabat2_bin.70	2506QYL2-S_metabat2_bin.72	2506QYL2-S_metabat2_bin.74	2506QYL2-S_metabat2_bin.75	2506QYL2-S_metabat2_bin.79	2506QYL2-S_metabat2_bin.80	2506QYL2-S_metabat2_bin.85	2506QYL2-S_metabat2_bin.87	2507QYL2-D_maxbin2_bin.0	2507QYL2-D_maxbin2_bin.47	2507QYL2-D_metabat2_bin.11	2507QYL2-D_metabat2_bin.41	2507QYL2-D_metabat2_bin.5	2507QYL2-D_metabat2_bin.56	2507QYL2-D_metabat2_bin.83	2507QYL2-S_maxbin2_bin.104	2507QYL2-S_maxbin2_bin.123	2507QYL2-S_maxbin2_bin.30	2507QYL2-S_maxbin2_bin.5	2507QYL2-S_maxbin2_bin.57	2507QYL2-S_maxbin2_bin.67	2507QYL2-S_metabat2_bin.13	2507QYL2-S_metabat2_bin.14	2507QYL2-S_metabat2_bin.19	2507QYL2-S_metabat2_bin.20	2507QYL2-S_metabat2_bin.29	2507QYL2-S_metabat2_bin.33	2507QYL2-S_metabat2_bin.34	2507QYL2-S_metabat2_bin.50	2507QYL2-S_metabat2_bin.55	2507QYL2-S_metabat2_bin.56	2507QYL2-S_metabat2_bin.68	2507QYL2-S_metabat2_bin.88	2507QYL2-S_metabat2_bin.92	2507QYL2-S_metabat2_bin.97	2508QYL2-D_maxbin2_bin.12	2508QYL2-D_maxbin2_bin.3	2508QYL2-D_maxbin2_bin.67	2508QYL2-D_maxbin2_bin.82	2508QYL2-D_metabat2_bin.20	2508QYL2-D_metabat2_bin.21	2508QYL2-D_metabat2_bin.23	2508QYL2-D_metabat2_bin.25	2508QYL2-D_metabat2_bin.36	2508QYL2-D_metabat2_bin.39	2508QYL2-D_metabat2_bin.5	2508QYL2-D_metabat2_bin.7	2508QYL2-S_maxbin2_bin.108	2508QYL2-S_maxbin2_bin.15	2508QYL2-S_maxbin2_bin.7	2508QYL2-S_maxbin2_bin.8	2508QYL2-S_maxbin2_bin.87	2508QYL2-S_metabat2_bin.29	2508QYL2-S_metabat2_bin.33	2508QYL2-S_metabat2_bin.44	2508QYL2-S_metabat2_bin.72	2509QYL2-D_maxbin2_bin.21	2509QYL2-D_maxbin2_bin.25	2509QYL2-D_maxbin2_bin.8	2509QYL2-D_maxbin2_bin.96	2509QYL2-D_metabat2_bin.101	2509QYL2-D_metabat2_bin.104	2509QYL2-D_metabat2_bin.13	2509QYL2-D_metabat2_bin.14	2509QYL2-D_metabat2_bin.31	2509QYL2-D_metabat2_bin.33	2509QYL2-D_metabat2_bin.34	2509QYL2-D_metabat2_bin.4	2509QYL2-D_metabat2_bin.65	2509QYL2-D_metabat2_bin.89	2509QYL2-D_metabat2_bin.99	2509QYL2-S_maxbin2_bin.17	2509QYL2-S_maxbin2_bin.25	2509QYL2-S_maxbin2_bin.50	2509QYL2-S_metabat2_bin.18	2509QYL2-S_metabat2_bin.33	2509QYL2-S_metabat2_bin.36	2509QYL2-S_metabat2_bin.43	2509QYL2-S_metabat2_bin.44	2509QYL2-S_metabat2_bin.46	2509QYL2-S_metabat2_bin.48	2509QYL2-S_metabat2_bin.57	2509QYL2-S_metabat2_bin.65	2509QYL2-S_metabat2_bin.66	2509QYL2-S_metabat2_bin.71	2509QYL2-S_metabat2_bin.74	2509QYL2-S_metabat2_bin.75	2509QYL2-S_metabat2_bin.82	2509QYL2-S_metabat2_bin.9	2509QYL2-S_metabat2_bin.94	2509QYL2-S_metabat2_bin.96
2403QL2-D	3127.3342	1631.1875	19391.986	0	15158.517	0	1050.7736	379.19968	280.67523	658.90063	1502.0999	0	559.99927	5353.053	7160.3486	23021.006	577.6133	1895.6505	2181.6284	246.38159	104.708275	3015.5134	546.64154	0	2263.1238	159031.05	7689.574	9617.813	17114.045	2858.0615	7441.2793	23230.477	3761.6677	26484.54	5638.037	3808.9485	18389.783	13063.596	12150.081	12187.42	418.11655	0	18342.975	366.07913	6058.4614	0	271.29672	8025.936	841.1284	373.13068	481.91974	3985.03	912.57623	1722.042	7437.608	2665.7905	0	783.7566	1869.5103	645.19727	839.6477	409.7593	514.17224	215.80992	168.39108	7082.6943	1687.5176	187.5633	56680.23	134.10771	4457.909	9714.235	0	2142.9932	519.4077	412.8963	120.657295	846.0932	0	507.32748	0	174.10944	405.27835	0	1057.0393	233.87418	602.96326	0	0	0	171.0949	3690.647	111.76847	430.6834	12746.766	0	0	545.1744	0	69.46086	171.64731	0	0	0	221.27267	0	746.21436	3925.7222	247.06606	210.51898	0	0	0	185.00652	1978.6332	0	131.9961	0	171.6509	2985.5947	380.1373	0	0	226.58049	0	0	1093.01	186.79999	0	637.6091	2060.8682	0	112.88813	0	227.74298	21163.105	924.57666	0	0	182.16397	168.51752	0	196.83365	0	0	0	766.168	291.65295	96.24245	132.21416	275.4999	0	143.01978	0	219.11919	309.49628	1041.1746	0	327.83356	381.42227	5272.2383	416.44336	291.4917	165.33345	227.13261	941.5283	757.0849	0	0	1270.284	278.79794	7136.345	0	0	67.87834	451.78406	0	517.4866	132.32188	295.5646	805.3637	0	25072.518	220.04121	0	179.71028	417.00653	0	0	62.312553	3451.9712	15727.617	2853.5217	883.64636	373.75375	269.94485	507.96848	537.3922	203.36089	1152.973	650.5724	308.47348	731.0977	143.66447	131.38734	278.60284	0	0	0	162.1285	0	247.90253	589.8613	0	0	311.27646	106.500305	148.46509	0	0	515.6407	216.34549	0	0	0	1140.8433	0	6533.034	449.03668	98.23524	144.95468	372.12003	0	234.31152	0	3985.4958	0	354.7619	247.32869	319.0833	0	0	0	0	1241.5427	1800.8438	0	0	274.46692	452.7692	209.74684	84.94703	148.25116	0	748.9364	0	0	333.67966	151.86151	0	1275.1882	265.77597	0	0	0	245.32816	0	947.1299	174.75887	106.7247	257.56012	3103.3315	0	126.713585	0	1007.52826	5057.566	287.64572	111.92335	190.22469	0	181.272	781.1356	0	1190.1947	19300.193	247.65913	550.7881	2428.8171	0	11646.826	0	2199.748	997.0408	190.13618	294.72778	171.23495	0	722.49536	129.53209	132.51169	0	101.95091	0	0	3162.5977	914.53955	266.84344	0	0	297.8597	248.08177	0	407.90753	236.43837	837.7022	1006.2094	64.304665	91.16728	335.8703	0	0	0	484.31625	20681.564	0	902.99915	0	0	0	10588.164	40788.43	0	424.74203	986.5533	0	0	0	327.50732	968.4136	0	0	416.10236	528.95557	159.0166	506.77576	0	5608.3306	0	0	271.8712	0	93.124405	5837.3057	0	529.903	18589.055	40680.08	0	17327.615	618.15076	0	363.09866	3381.7964	186.18639	638.54865	720.84467	7733.999	144.84785	0	313.3916	616.8828	334.71167	120.600235	455.06415	149.36461	243.49747	2947.7417	1237.3171	5281.9814	0	242.96533	625.81055	559.2625	177.04988	6556.6963	311.77557	6186.851	201.19226	963.0204	314.7187	0	648.523	169.1398	0	2728.8855	0	13849.703
2403QL2-S	322215.4	75634.26	6541.5474	2103.442	2192.976	1511.843	55102.285	3181.271	8380.458	10704.355	30455.71	6672.012	24326.252	4526.0215	16900.842	7311.4653	2429.9988	2614.3516	7525.2583	2430.4795	3161.918	3211.573	9808.593	3819.7666	10180.8	4219.2427	0	3637.1177	0	0	0	1975.3065	295.03235	83.653175	512.1901	1457.0297	1020.1205	2553.4224	3151.033	1413.4054	2528.7227	0	3821.7014	0	713.54706	0	797.1421	6035.161	74.72751	74.716034	15059.447	2732.956	19538.424	0	3333.783	0	0	3815.076	185.28285	239.43678	26227.398	0	349.73465	0	295.0627	218.91115	319.55927	0	1234.4706	0	540.80005	7378.4893	0	471.95697	295.5364	0	0	0	0	1315.2632	0	0	1335.4501	0	180.33743	0	0	0	0	0	0	302.822	0	281.05154	1229.727	0	0	61.494095	0	0	0	0	0	0	0	0	0	111.22311	874.971	397.30862	0	0	0	0	656.1766	0	0	0	0	1085.9022	0	0	0	463.85672	0	0	0	321.8421	0	1493.9261	423.55725	0	0	0	1544.5239	1077.1147	302.26395	0	0	3147.1584	4021.4573	69.17113	482.88055	0	0	0	449.7792	443.02567	0	0	0	0	0	0	0	0	0	0	0	5837.144	4195.289	931.7753	8773.407	173.40962	3336.9797	405.67297	0	0	0	0	1351.8867	413.0899	0	0	0	0	0	1522.6903	2876.7468	0	0	0	5453.122	795.8284	0	0	178.1158	0	0	0	270.54254	1202.4233	939.27814	105.94638	0	1132.8835	0	206.58345	0	79.239845	1955.3074	0	126.1102	70.23589	0	0	0	0	0	0	0	0	0	0	0	0	0	0	0	0	0	0	0	0	0	1850.9557	0	4658.137	1078.8038	0	0	0	0	0	0	2878.5813	0	0	0	0	0	0	0	0	0	0	0	0	3554.87	0	0	0	0	0	0	0	0	122.94298	0	0	0	0	0	0	0	0	0	603.86615	0	0	272.03015	945.1187	0	464.9396	0	502.72437	0	704.2662	0	6258.2695	0	0	0	0	292.72104	2181.223	0	2839.2473	2436.4324	0	12330.281	0	0	0	0	0	0	0	0	249.10239	106.231186	0	0	76.41642	229.60143	4943.612	3993.834	351.75333	0	0	6334.3594	0	0	0	25890.191	0	0	0	0	0	0	0	0	0	2008.5171	0	444.90558	0	0	0	65.265076	9570.322	892.2287	314.80875	2551.3206	0	0	0	1487.6492	1391.9373	385.99326	0	856.60443	497.53745	0	0	1750.7999	437.062	104.15702	0	234.52367	0	0	2248.5208	0	361.64426	7845.194	20889.396	0	9849.425	118.501205	0	0	826.10254	0	68.07444	0	14272.827	0	0	0	0	215.42273	0	0	0	0	279.7581	977.4551	5700.5913	137.08284	371.00507	269.5662	371.5684	1415.3317	2321.4824	644.7252	2304.2393	0	1453.7811	1825.7443	0	1882.343	0	0	403.89105	0	9853.559
2404QL2-D	171.49121	501.8083	3608.7615	0	96.26852	0	234.2999	0	84.39173	0	0	0	40.162697	30091.375	103.376434	0	0	0	0	0	0	330.27563	0	33.792336	62.55739	15451.205	0	0	0	0	0	212.52692	46.861454	2625.39	0	5139.8647	45.602795	0	359.5865	22007.088	383.9981	0	87809.66	6799.9536	6779.6567	1423.8105	1620.7865	7425.524	9943.573	2043.2092	1882.456	4633.1055	365.43362	4628.0864	29765.16	2983.581	0	67.429214	23621.543	41.928608	236.35495	3279.3628	0	297.90488	20326.682	10283.773	141.58777	94.182785	146.92221	0	1405.2826	2593.6267	0	712.0305	6047.932	158.8929	98.86823	0	0	398.39908	1556.1375	0	226.92195	0	5700.0835	163.71799	733.24585	0	0	0	0	72603.27	814.30554	4464.806	125.70051	0	0	940.2201	0	44.21357	822.26965	327.67667	0	0	0	0	0	511.35605	243.4227	0	0	93.541595	72.40097	128.14061	86.58372	0	257.02567	0	114.12366	62.015533	334.5208	0	0	65.28357	0	78.308754	792.64825	0	0	45.420284	25558.863	0	0	0	0	114.22253	0	0	0	0	0	0	38.016647	0	0	168.54758	151.29514	0	0	0	183.74333	0	0	0	0	0	535.5072	0	0	0	360.8421	33.030823	0	43.698383	0	380.33057	43.062565	0	58.500614	171.0825	591.6094	171.57317	0	0	0	1512.1069	0	424.75357	0	0	198.00923	0	192.787	69.71551	0	149.52396	0	77.24593	0	176.0961	35631.215	158534.97	19458.111	1197.5425	0	0	2403.9102	1950.5925	143.74916	6883.3677	6165.4814	4549.355	6111.472	185.24911	1710.3463	1977.887	0	0	0	194.14273	0	245.50507	0	0	0	0	0	55.693947	0	0	0	0	0	0	0	2266.4395	0	790.80597	1452.4694	0	0	1057.492	0	771.244	0	8745.03	0	0	0	36.555653	0	0	0	0	12001.984	15259.314	1470.7621	0	0	994.1818	284.89136	0	364.24075	0	5251.4033	0	0	888.0868	75.74456	0	0	796.451	0	42.95756	0	0	0	272.50925	606.4935	1025.9407	1240.48	176.66615	0	0	0	34.764942	635.4195	1447.5818	0	0	0	0	0	0	148.93207	82.40835	0	0	234.029	0	13010.32	0	6941.842	559.8375	0	0	0	0	0	0	0	0	0	0	56.078327	369.68643	72.23813	0	0	0	1006.5535	0	0	0	3206.4163	0	4464.1655	0	0	0	70.68396	119.17849	0	0	131.4064	0	0	0	0	292.8771	296.86945	698.6949	712.37213	0	7441.783	0	0	0	0	0	0	0	259.04404	0	0	70.82924	0	0	0	0	130.75597	0	0	385.63782	0	1222.9661	1033.7964	806.98553	0	1705.8065	0	0	0	34373.066	3450.5261	4685.2	6301.3413	38359.605	270.2045	0	0	0	80.42101	0	0	84.259926	0	40176.633	6719.703	342.38208	98.6278	211.24742	76.752686	613.6296	0	557.9307	32.085606	861.14294	0	200.75414	182.75943	0	0	1613.0679	360.1059	36867.793	0	30061.316
2404QL2-S	359.16647	711.1951	1086.3154	0	191.8291	0	867.391	0	0	0	0	0	51.472637	37660.36	193.25917	0	0	0	0	0	0	198.48322	0	0	0	22583.791	0	0	0	0	0	470.63153	0	0	67.71159	582.19415	89.143936	0	775.54736	240739.86	2052.5232	1810.2297	5799.797	7056.0034	586.7223	0	72.80734	3492.5718	4172.8164	503.69568	379.98798	2327.8274	1427.9143	0	11846.166	0	0	74.83669	8958.634	0	225.1949	5561.0576	0	499.20905	45978.33	2052.8826	100.74039	0	303.60675	0	180.34003	1929.4215	0	185.86032	15377.491	0	0	0	0	170.67233	0	0	288.18335	0	764.7931	0	1475.0182	0	0	0	0	22311.139	517.84625	5997.4453	244.12363	0	0	69.9883	0	0	70.38482	0	0	0	0	0	0	228.54124	104.43523	0	0	0	0	0	110.91127	0	0	0	0	94.233635	0	0	0	0	0	0	156.13098	0	0	0	21904.826	0	0	0	367.67758	230.69756	0	0	0	315.86313	57.690834	832.3603	0	0	0	0	0	0	0	0	0	0	0	0	0	0	586.6713	0	0	0	5155.355	57.609577	68.58232	66.11367	0	717.30304	0	0	0	0	498.34378	0	0	0	48.966854	370.09863	0	739.68353	72.887856	0	0	0	0	157.70723	0	0	0	129.28119	0	91.56845	23195.924	113792.55	8652.925	1106.8419	0	0	2685.9067	686.2285	0	1670.3964	4823.607	3250.239	372.341	144.33064	599.77454	1044.065	0	0	0	0	0	0	0	0	0	0	0	150.35503	0	0	0	0	0	0	0	1546.8159	0	1474.128	1326.3674	0	0	93.64567	0	59.381756	0	15377.513	0	0	0	0	0	0	0	0	18085.346	24003.885	2756.1462	0	0	58.44329	0	0	0	0	4619.2964	0	0	1843.008	0	0	0	390.07758	0	0	0	0	0	433.17465	159.78627	521.0166	44.087296	327.96896	0	57.615124	0	66.11771	0	121.072945	0	126.3312	0	0	0	0	79.048355	243.03462	0	0	373.98584	0	13683.743	0	10342.259	696.5951	0	0	0	0	0	0	0	0	0	0	0	815.79834	348.6879	0	0	0	370.33588	0	0	0	8680.974	0	0	0	0	0	0	0	0	0	260.97968	0	0	0	0	1252.3954	0	2879.2446	0	0	10035.721	0	0	0	76.262665	0	0	0	400.76093	0	0	95.69131	0	0	0	0	176.91974	0	0	2415.8757	0	1210.5967	1521.4718	1160.719	0	2337.5344	0	0	0	35682.008	557.3739	1047.2416	9897.475	50117.99	0	0	0	0	120.381905	0	0	86.96024	0	28751.59	4448.782	620.35144	101.57398	73.879524	193.90718	734.3141	0	3211.5605	52.32556	1642.2887	0	97.041145	72.27562	0	0	133.01244	1901.3137	17434.813	0	53238.07
2405QL2-D	118.723366	215.88464	1216.3569	0	0	0	159.26094	0	0	73.578156	47.392143	0	162.01906	27901.62	68.95871	109.58326	0	0	0	106.751366	0	53.52001	0	0	157.43764	7077.4277	0	383.90622	0	0	0	579.50037	83.28057	0	148.8104	2530.3713	0	0	265.06924	142435.14	411.6847	0	11015.657	3168.1326	37457.664	0	96.854385	2713.6775	5070.052	1031.7743	526.0839	1733.2573	1333.938	1245.6053	23017.36	1550.9001	251.06021	42.130627	18195.572	509.12885	3248.7065	2576.1047	1015.199	822.2124	19313.639	45545.566	4398.7266	2057.7837	6516.3486	1561.4415	9378.46	3485.0857	1726.5856	2418.2627	7000.1284	252.564	395.51968	0	0	246.29538	201.07393	108.45273	170.99997	184.12135	9502.744	228.70238	736.6779	122.80846	0	302.77576	1812.8021	45456.668	844.17773	5798.4087	199.45094	290.30707	438.97833	2965.1885	0	181.26733	1403.858	930.5228	411.99478	0	195.37024	323.69296	170.00839	12285.304	154.09654	174.85991	0	517.1203	1146.4415	331.85266	1691.5781	0	573.0139	0	548.3332	428.16092	460.38766	0	58.13499	65.93152	0	912.0385	6179.8955	117.79631	598.3993	54.18576	30823.053	0	332.46976	0	69.73778	140.88655	97.804855	0	0	66.09634	0	0	123.35191	1001.60376	159.1067	386.2186	183.55313	203.38805	818.45605	183.16039	185.53023	152.52293	66.86449	132.53836	253.0416	389.04102	889.0897	160.01027	179.21292	163.77951	150.49706	87.47503	47.523575	0	0	415.2148	121.15772	583.0412	243.67307	0	88.97271	1210.0934	0	0	55.246098	4086.5435	0	238.84496	79.10892	0	1673.9286	0	497.06107	91.163895	534.36395	204.85349	0	0	0	138.52028	34824.254	148523.8	21716.838	1143.549	0	0	1703.6199	1072.6771	311.65875	23904.59	2120.6743	3327.8652	2788.377	0	1255.4651	1860.0529	0	312.06592	575.5551	147.87613	0	321.84976	107.344505	242.51578	0	671.88666	80.52209	233.36797	0	0	427.20792	129.18074	117.2269	53.044144	0	405.50238	65.15954	515.7487	554.32166	211.46751	153.73428	1894.2283	486.5864	1040.959	170.71384	2509.6553	0	104.90058	283.30692	178.05484	0	0	0	0	5305.609	6948.707	775.52	0	50.19212	1730.8655	496.17282	429.66025	753.4651	1142.2476	4205.8247	82.39907	0	562.8686	303.8779	364.6234	1212.5581	1718.6656	113.89598	892.84875	131.72107	1630.4775	136.67543	170.03435	796.16425	1076.9154	0	272.6332	0	0	0	141.18596	1112.9637	176.68166	0	39.23854	0	49.192787	0	0	209.1211	555.6957	0	84.17905	108.331985	0	2177.2617	0	4493.087	1905.09	97.281685	56.77173	625.8863	0	0	0	0	0	0	0	0	285.18768	0	64.97071	0	0	2208.2334	0	0	0	102.7668	0	2922.1243	675.5116	460.4711	517.6685	2809.5269	90.4535	0	844.6279	102.81032	0	116.31307	0	0	0	0	313.5629	60.70097	63.02062	2483.6184	0	0	0	48.05562	0	101.74792	0	222.84932	182.79918	436.79492	159.96114	0	220.6887	0	0	118.015236	0	0	277.00925	0	0	230.71164	603.91394	0	228.3713	55.56641	0	0	23166.346	0	5163.8164	3905.2273	17392.473	668.206	0	556.32214	440.6706	104.56688	887.83997	2392.7815	80.68489	396.49237	29869.135	6276.1284	242.16586	63.537975	126.742584	54.966095	107.66192	162.5648	285.25024	68.806046	287.48724	0	102.81797	132.4902	0	77.325905	5761.3037	0	24367.24	0	7956.8457
2405QL2-S	436.3594	2842.1838	1473.1892	392.35022	189.39961	0	2456.4363	131.43509	453.46188	131.1705	1028.4509	83.64146	1022.0661	13285.601	293.6871	141.39291	0	0	0	352.6469	0	0	305.97574	0	425.71286	15616.612	0	1287.0737	0	0	0	500.9464	203.42413	243.97559	363.74835	1003.65	92.734634	0	387.8743	407425.47	2567.5056	0	9727.516	960.09875	11211.26	177.5639	151.6796	4756.595	1015.24744	1017.7165	955.6131	2469.317	25512.666	63804.246	7194.7144	4417.7646	2571.1113	6205.497	2821.0625	4778.196	1857.3364	967.59015	0	211.68181	29000.057	1561.5592	297.17676	0	539.4335	0	705.77625	826.5459	0	802.038	13365.663	174.85056	1657.6565	0	0	405.26965	0	180.90726	1295.7242	0	1006.9731	119.06307	0	0	0	0	0	7928.917	410.91235	6699.1665	228.97517	0	0	103.69892	0	0	0	155.93471	64.14743	0	73.35165	0	99.977005	900.7894	130.1558	79.17247	0	69.82483	118.13257	0	309.71124	0	0	0	0	836.1167	0	0	0	109.12075	52.864613	89.25554	532.1449	943.1684	69.52893	1437.2264	10726.208	0	0	0	628.33356	208.95761	131.13724	0	0	1057.1592	555.1503	153.27388	0	0	0	0	188.17532	1168.2551	0	0	136.27794	0	0	0	0	0	310.73666	0	0	164.4751	916.9547	1108.5095	1038.8744	0	116.83047	1134.0499	66.26106	2999.1516	0	539.6653	151.09775	76.39326	0	0	0	6549.547	0	987.58124	373.65857	0	63.81057	0	1993.359	0	0	0	228.131	0	0	0	5828.269	34183.09	6579.842	1699.357	118.38915	1242.2261	4073.662	3244.689	0	4958.2676	4095.5012	1002.5194	514.3272	0	629.14246	295.25186	0	0	0	0	0	0	0	0	0	0	0	135.37148	0	0	54.894745	0	0	0	0	1353.6586	0	582.83154	603.0406	0	0	0	0	0	0	7160.8745	0	0	0	0	0	0	0	0	8578.892	12899.565	0	0	847.34033	5211.637	0	0	558.28705	0	12380.749	0	0	275.60608	0	0	0	178.12923	0	91.73863	0	0	0	205.12306	137.61424	328.26968	143.87369	224.37964	0	94.6463	0	203.09421	579.26685	210.7307	58.728573	957.3362	0	95.88351	0	0	76.60833	1933.3339	83.94463	230.77809	314.79886	0	9373.068	0	6090.2793	751.2935	0	84.67793	477.04755	74.04486	0	158.75887	53.94903	0	0	0	56.97844	344.6982	231.29675	262.37466	0	0	672.5232	0	0	203.17035	7031.384	0	11538.905	0	0	113.11023	285.9947	0	0	920.476	233.1215	0	0	0	0	97.880905	178.05925	8748.708	112.44716	151.35432	6028.1294	0	0	46.632973	426.18124	192.01453	0	0	240.30927	140.45483	0	75.59734	0	457.22726	0	0	83.861496	0	0	693.39453	0	408.57562	1379.3578	3357.1067	0	1760.8292	206.4903	0	0	13769.1	62.846264	822.2155	4605.7695	30017.799	0	0	0	83.79266	106.5191	0	0	164.0903	0	7491.5605	3058.9697	496.50528	148.34395	117.69918	112.916985	101.61448	192.66277	882.6037	783.1791	755.8455	70.67283	280.16553	192.13506	0	419.59372	344.6486	1981.0991	4336.7007	0	24528.348
2406QL2-D	261.33057	611.99316	321.43167	172.29643	313.40802	0	916.39435	0	0	263.7565	519.6391	0	0	10435.578	0	638.243	359.61993	192.31435	0	670.4906	251.093	0	125.39698	0	232.82556	856.07196	313.41672	392.01382	0	0	0	358.79263	418.96616	0	0	117.64172	213.74977	0	254.03902	8374.622	189.41443	0	1876.8981	573.8035	2431.8162	0	220.6828	442.67303	2605.5627	971.53516	266.84445	296.31503	225.23463	1121.8746	1681.8751	251.40927	1175.6339	222.9454	14820.219	978.49963	237.30673	1705.7739	323.34555	715.7696	2384.3894	16867.518	214.34644	870.07324	1444.5967	536.4217	555.40265	362.1592	357.25003	805.4793	1922.0608	3318.8447	6249.7373	2319.6465	643.32544	323.45752	1942.1042	1938.8777	229.05423	3858.3408	5478.9126	1820.6368	2323.4924	2337.2925	3219.7856	2797.4382	17592.457	22971.387	2285.7288	8553.004	2048.3052	6948.5146	2514.7896	9439.388	5579.9165	4135.509	3819.4644	5223.507	5126.7686	7616.651	3470.3235	7185.488	6468.0527	19097.531	222.55347	796.8221	0	1887.4607	2126.4138	5025.4297	117.86305	1023.4746	5592.9053	5893.8223	3592.1	4021.9426	21304.512	0	1099.6376	694.87665	154.17432	10949.745	6815.207	1567.8579	15899.979	899.0014	17402.203	0	1186.675	0	2294.9932	1474.2489	184.89258	0	0	4274.8037	3658.9065	0	331.7201	2970.31	154.10669	957.3362	731.9592	878.00354	817.06976	1581.3215	1338.6461	839.402	372.94266	2573.3167	211.83366	1152.7444	1462.5468	7213.4395	821.9513	306.99347	632.105	693.86346	325.684	227.57124	522.9875	1027.3745	4181.102	5256.414	1613.7302	0	530.2571	481.69437	0	0	367.29904	26928.563	364.46332	1372.3464	359.9555	330.4048	11493.635	0	1799.3176	215.46812	5162.738	3775.985	645.445	1514.6154	204.42549	2129.596	17508.602	66308.52	40656.66	20673.867	0	0	2014.4072	1538.7899	1824.1145	2064.7307	4787.9595	1261.3094	34491.496	306.35648	812.0972	2206.0706	0	901.971	345.19922	192.61151	0	1461.3945	470.5292	213.47717	382.38797	1040.7924	211.1326	257.30112	0	0	450.34705	208.15111	406.0008	174.51772	0	4721.2427	0	368.36615	1243.7067	1567.683	204.22304	8218.788	564.72546	4739.16	1561.3954	4289.6772	0	288.12125	717.62604	841.8752	0	0	0	0	607.8633	835.1898	0	0	1167.1359	6324.1523	3766.3936	1523.5088	6676.6807	1169.6598	932.102	292.49973	0	654.73206	1948.172	2988.401	2305.6868	1141.6857	2879.6013	1132.2367	279.92862	8718.653	200.25314	418.53165	5338.144	926.43195	418.48895	718.0655	0	208.21861	0	122.566956	933.2458	199.83153	273.81384	749.90485	0	372.6707	0	0	284.21786	173.48457	328.11786	321.56412	297.424	404.94357	4163.632	0	1996.5554	2587.976	832.6036	707.4293	3678.8748	7780.5317	221.24039	1046.9745	120.19733	0	252.16086	0	247.96777	254.45654	218.67142	303.944	803.0403	0	5780.4233	299.00812	0	326.9537	323.4597	0	1203.8588	1116.44	1448.9554	1287.9885	52312.133	1040.8121	161.91171	3260.0127	210.00104	0	471.65057	513.1548	0	0	0	260.03012	0	976.33246	13290.575	0	0	0	2131.465	197.27113	417.5306	0	431.30612	574.8207	155.28514	648.2098	0	3667.642	0	0	159.90746	252.04668	0	710.8323	280.7593	0	313.89438	275.3397	0	285.2462	667.2775	452.6075	0	8765.691	142.2032	8239.455	1778.4534	12682.209	836.687	570.0923	928.422	4768.552	1000.8161	5359.0293	4974.3667	2617.46	2613.5364	10519.567	7241.033	308.497	0	172.57237	273.7097	233.68178	274.38107	627.3701	537.29614	650.5154	0	0	296.43234	0	184.94142	9110.462	0	9882.596	1729.585	7874.424
2406QL2-S	286.18457	482.28043	883.56714	97.29263	88.35014	0	1181.5258	0	129.57138	131.82097	253.74434	0	560.4991	9579.559	133.34584	3079.3809	358.5026	236.87553	129.62427	438.93625	93.593346	0	0	0	131.3658	1974.5249	0	413.38785	0	0	0	418.05893	170.88536	0	0	98.65245	0	0	585.96515	8808.824	1129.5916	0	2274.8337	235.71567	5760.1777	0	133.55214	422.48816	2145.967	913.11334	0	248.79352	5028.2793	0	2889.2761	179.72125	523.5359	156.56232	12336.521	131.33961	0	955.54974	0	0	2097.2773	18540.805	254.46649	0	7532.3955	0	952.6495	348.94272	0	1094.586	1605.8792	2452.802	5508.115	6925.5024	3225.556	1401.3293	1975.4364	1579.9634	3484.5156	10115.836	3763.7166	404.82697	439.99115	0	1937.0646	0	895.35223	19980.201	537.697	6207.566	2146.3047	248.41914	0	9630.893	8116.845	2052.948	4227.1445	9190.405	19292.258	16635.818	5549.91	17167.268	27423.676	19512.848	0	468.91785	0	7816.4424	2545.9307	2923.854	0	262.0231	4315.643	7343.7646	1150.1353	300.6861	5178.248	0	260.6282	53.308407	0	9888.69	8185.2627	943.4923	56322.92	265.10162	30263.332	0	1620.2656	0	159.21873	2655.471	0	0	0	272.17963	166.7583	0	124.39136	0	0	443.9998	122.88895	177.48196	0	344.0158	383.24924	0	0	108.06505	0	76.75781	615.3419	1916.7926	196.89072	0	673.8798	212.92374	353.2907	0	0	285.83026	2231.7346	13435.94	1692.8602	0	153.29332	1045.7639	0	0	65.393486	30044.822	179.38493	587.0503	595.6453	0	7788.4976	0	10639.493	0	11527.978	5291.4146	173.88509	0	0	1298.2983	12133.325	48145.97	69898.3	24654.879	0	0	2194.3684	644.1211	571.3262	4017.49	2210.0728	1125.5923	14679.463	138.07382	690.9099	2128.929	0	0	0	0	0	436.64456	0	0	0	79.71668	0	0	0	0	0	0	185.8713	0	0	2054.848	0	313.4209	492.4815	436.69244	0	9785.622	649.17114	5822.33	1398.7118	1271.4845	0	0	0	77.49045	0	0	0	0	1347.4866	1756.961	0	0	110.71449	6845.562	5396.082	0	3297.5288	0	831.576	0	0	91.62147	1423.2688	708.76776	215.0268	540.4572	1302.464	2102.4702	0	0	0	119.41525	2388.4985	760.7983	325.4142	837.63904	0	49.547745	0	0	1431.8649	167.06535	59.508064	302.30923	0	81.223076	68.46541	0	118.6085	211.02914	0	0	144.25069	589.12256	1358.7675	0	2903.0376	1622.5696	260.94083	82.28631	901.05365	15897.946	0	913.39813	55.862576	0	0	0	65.40003	192.43654	129.13739	77.97059	344.90274	0	3849.8025	0	0	0	365.36987	0	761.24243	0	0	0	87368.65	570.5987	47.344437	2136.9158	172.98201	0	246.54941	185.00493	0	0	66.91846	445.42267	0	139.46631	8671.375	0	0	0	905.7483	0	0	0	223.95763	363.7598	0	115.9392	0	4600.862	0	0	317.99362	0	0	1032.5933	439.1251	0	926.4094	1439.0669	0	885.4588	147.00911	509.9326	0	8180.967	57.50205	7078.825	2258.385	7596.2705	1065.54	427.75748	0	149.00438	670.3545	0	100.077835	252.66685	0	10015.499	8990.216	217.34889	0	112.73891	53.42419	81.991455	0	856.7654	197.67621	958.3168	0	413.47656	73.22815	0	158.87563	10569.127	0	7770.5654	189.15646	3082.9866
2407QL2-D	161.76524	325.00388	88.45848	111.46893	140.554	0	701.6342	0	130.21677	2926.5557	88.27181	0	163.27858	1718.4148	147.22011	538.5787	134.31763	0	0	258.7944	151.41063	155.80151	0	0	1401.35	354.83502	156.93245	509.7901	0	0	0	333.21155	155.56114	0	61.76775	0	123.126724	0	204.21895	102.33579	1532.2544	0	2611.2666	473.8552	536.4153	0	179.57082	81.12268	3284.5146	968.79047	234.16074	43.875065	1171.5236	0	223.37296	0	622.5333	72.91929	14895.395	244.64476	272.21155	1374.2128	116.65767	310.83774	0	7096.6157	470.12888	217.94107	321.76935	92.11007	256.21368	343.066	470.60257	597.2087	1713.6746	2073.1816	2944.7815	595.7865	317.20038	379.2268	6543.4785	773.25714	285.89352	2263.79	2416.4497	570.2081	1697.6094	420.1561	1316.4152	975.9475	3695.0632	29346.531	587.82477	10340.547	275.92035	865.5111	498.46475	6994.9263	2830.1787	14531.255	6217.5166	3467.6223	4396.175	5035.47	3244.4229	7217.995	2414.2073	10499.472	163.88388	310.99103	0	1774.6251	2533.7507	15982.734	3004.8618	2529.3508	8679.343	14002.633	11709.791	1187.7513	34338.17	0	2267.129	95.94516	0	8901.21	6518.9688	396.80386	43858.94	304.50888	12224.232	0	2592.5212	503.03632	381.6282	189.33134	0	0	0	200.92497	103.26095	0	374.6025	4620.858	125.938446	452.0532	450.18173	434.71292	371.25864	536.50714	631.5395	586.8146	275.49835	716.28925	920.54443	737.2039	693.9462	38370.336	301.9292	205.37929	855.48676	531.1965	109.125854	0	134.05464	147.52763	820.00183	2697.785	2183.7778	0	619.87036	833.92554	0	305.4492	190.96593	46433.99	202.28603	1429.5972	292.74112	136.93924	8681.532	0	1156.3488	119.625206	4832.187	3214.5068	346.49033	296.45892	163.05794	6512.2705	8634.015	32357.756	69949.164	16023.576	0	0	3727.9758	3126.2815	5613.5313	220.15959	4655.437	1361.8298	5522.9272	116.90637	1053.78	1725.505	0	487.0483	0	97.90266	0	618.43054	301.2125	0	127.73968	411.96277	0	82.93612	0	0	159.04086	69.008446	755.6192	102.53068	0	3289.6948	245.42876	275.63184	799.96594	882.7767	172.11809	22015.871	506.21283	22347.035	924.69965	1282.2087	0	72.54749	265.36365	270.661	0	0	63.39036	0	0	0	404.2772	0	63.104942	10645.949	3126.1238	1565.7241	2109.415	1064.0905	1040.0452	69.35098	0	464.182	1669.8389	2177.1392	943.711	1506.0869	3743.3716	272.1742	225.10214	1045.4739	91.829315	468.1116	3884.862	1196.4341	84.941765	488.38394	0	0	0	94.37555	616.84546	160.69753	82.24072	110.52745	0	214.97963	0	0	3117.2192	226.2868	254.17519	163.522	109.844215	234.77878	644.47687	0	1631.546	2419.7046	326.60092	228.93892	1154.0731	3750.9727	0	967.1911	0	0	73.5703	0	0	194.2018	81.69821	140.99165	496.89255	0	7892.9224	149.50655	0	0	125.8394	0	850.6762	1606.1716	2015.9071	443.56534	58622.957	305.1656	0	732.76733	179.89134	0	374.36127	300.6153	0	0	0	550.45435	446.49612	244.03075	36133.426	0	0	0	553.3239	172.75615	221.31593	0	461.38235	216.43692	0	184.84814	0	1083.0173	0	0	207.94733	0	0	825.5375	255.24205	156.17967	560.09143	1637.5319	0	574.3661	231.06659	256.79193	0	11045.148	135.39098	21331.002	2894.1973	9709.933	2128.404	337.35934	225.06436	1332.6086	391.9929	245.81197	802.66125	10233.81	361.01022	10328.164	11541.178	265.04904	274.0652	120.15824	0	103.27819	123.87356	750.4721	357.21817	844.65045	0	172.74297	163.20526	0	2659.9976	9569.442	163.97517	11003.813	6315.1357	1918.5629
2407QL2-S	139.7747	330.87335	219.60349	0	140.27118	0	721.0275	0	78.4727	0	52.36225	0	0	1751.8163	81.27414	1331.4392	0	0	0	148.46933	63.51393	180.3395	0	0	159.95169	234.29788	0	77.203285	0	0	0	186.6237	79.00879	0	0	0	0	0	126.05862	53.078804	171.74539	0	3912.42	290.61014	713.328	0	0	141.78911	2050.5042	775.72003	134.5842	42.750687	60.120937	1494.8975	235.96532	0	726.1052	0	10155.292	86.71304	228.75865	1451.3832	0	232.12187	0	20526.314	46.60874	0	102.03457	0	342.70795	270.5593	0	658.9641	2343.5635	1328.567	3295.828	601.97296	449.2151	225.60417	27880.525	808.8875	0	2143.7537	1374.256	302.91208	1303.1436	0	944.16016	0	438.19928	21801.088	576.8082	10605.557	177.99236	223.03407	0	5454.6567	1584.7795	8058.4966	8033.4014	2746.4775	8105.4204	2713.274	6102.0054	12217.846	6541.3257	3435.0798	2828.5098	3793.3137	1245.4943	3019.878	2802.9155	15613.992	144.63474	804.4023	8158.162	7176.7495	12240.711	476.30383	24581.205	0	2031.0651	0	0	5383.7197	7434.388	515.3364	68585.74	162.04594	13836.033	0	3949.9822	454.73987	323.46277	86.79909	63.65461	0	0	149.6709	0	0	48.77437	0	0	273.54712	230.8001	152.92157	0	175.09235	244.061	0	0	0	0	232.90775	370.23047	58179.246	0	0	682.7772	348.0117	0	0	89.93182	46.3826	537.7426	7211.486	1158.3875	0	333.82544	856.0601	0	154.8071	175.2793	26981.563	90.0646	704.3824	379.3789	0	4683.4736	0	2337.501	0	8102.298	3097.69	204.29822	0	0	10652.159	5984.0674	24858.002	124138.266	9251.804	0	0	5191.621	1712.1333	5944.7627	270.26532	3017.483	1043.0936	2540.579	40.587475	706.64105	1198.6971	0	0	0	0	0	279.48343	0	0	0	317.16376	0	0	0	0	0	0	542.1005	0	0	1748.8258	0	237.48715	601.28394	570.303	0	24270.145	442.21817	23622.973	849.3047	943.06366	0	0	160.13438	76.86535	0	0	0	0	496.29324	1535.8525	935.85095	0	0	11012.627	2430.271	0	1147.6224	0	2170.9521	0	0	420.882	1208.6847	446.55786	406.96973	617.60596	1671.1373	215.89761	0	0	0	309.46912	2052.9685	862.2968	334.6772	428.9174	0	0	0	104.74074	0	130.78067	0	0	0	100.963036	0	0	229.84767	103.86876	116.299324	0	414.36453	215.35638	663.00507	0	2012.9082	1317.6335	136.71675	63.576225	1075.9176	3956.5647	0	644.6514	0	0	0	0	0	131.53403	121.042114	0	369.97757	0	9883.731	0	0	0	2734.295	0	2063.9155	0	0	0	48809.81	181.00304	0	1008.1491	103.4648	0	269.5132	165.00203	0	0	0	336.48215	400.2642	78.53462	34149.293	0	0	0	380.97693	0	0	0	286.1333	0	0	82.317	0	853.6755	0	0	0	0	0	522.21893	277.9166	205.07515	357.54587	961.9726	0	376.62622	104.67963	221.11342	0	12541.033	4858.994	13775.627	11307.238	10162.389	1335.6545	0	0	105.31055	263.71326	0	0	6961.263	0	7353.5024	13610.677	211.39534	0	120.561134	0	88.89197	0	438.00208	281.8657	497.28912	0	127.41727	76.77538	0	0	4684.253	3315.3618	7286.7573	4935.3354	2249.2908
2408QL2-D	440.88077	1866.1161	187.44402	0	257.6584	0	2403.023	0	406.7604	613.83856	285.7725	0	471.44998	1467.0918	0	491.62137	452.18124	0	0	782.6019	272.39465	0	0	0	550.9276	376.5149	0	806.95557	0	0	0	722.83795	421.423	0	0	0	0	0	482.2027	647.1357	733.5442	0	2841.54	1641.9856	0	0	561.67206	0	1090.9719	484.8514	540.15985	136.32448	1870.1611	2934.3726	316.03397	501.0931	1278.2249	596.1704	5406.3584	2714.8916	725.4532	1764.5594	528.20996	997.4117	0	7727.017	644.0585	591.3285	509.29782	2883.64	293.35007	760.7544	1171.3007	439.03632	1449.2849	1962.7533	2302.1614	160.03241	271.1736	742.363	487.55698	1185.3993	553.36035	694.0707	579.68494	2927.2676	3108.3196	759.5242	624.21185	2305.301	9391.004	10416.711	395.6808	8541.145	695.5755	3100.7607	1546.1819	3666.6262	278.63953	9366.39	1996.3695	797.95135	182.23225	589.7921	1074.1953	1272.7305	2607.0317	423.6025	504.2412	965.2303	0	370.8243	366.72504	8024.0674	0	2024.886	2211.9114	1089.5017	5886.023	6946.252	4156.4966	0	2037.9521	598.1711	0	1307.3895	2704.4207	1383.3579	4105.6006	942.5381	2860.4883	0	2906.0083	1057.256	731.55176	343.7754	0	0	0	1024.1042	766.77	163.03912	1118.6824	86454.2	3258.4915	24759.914	7047.328	3483.6118	4512.9614	6777.475	4773.4497	5244.922	5528.1147	12787.224	5226.6763	6873.122	5575.4004	19596.215	9033.652	849.9464	1669.8962	14016.462	766.0472	2347.4734	508.88367	1231.2937	2915.0642	1511.0143	484.3814	0	3532.087	342.50177	0	0	1835.6775	4139.0127	539.59454	2375.3235	1077.0347	903.5224	6935.5854	0	1384.3846	827.16095	916.0728	1880.19	1113.691	384.0318	1090.9885	12580.504	2593.9595	8346.624	25122.068	5933.981	0	0	1307.2325	6727.407	2979.4368	0	4054.1462	811.4709	767.7205	278.66983	518.08826	608.1538	371.5351	2376.2185	822.1881	1174.7148	1086.7227	4904.547	1501.6896	1122.8842	1035.1173	9282.489	4420.898	757.6367	510.203	734.14886	2821.0571	1078.2853	969.1578	3089.338	781.07495	24537.11	3481.7568	676.0646	1508.8356	3295.784	847.78815	6251.535	0	7252.2944	532.5884	3056.6104	1041.4515	1364.5345	2065.4238	4291.367	2850.437	0	877.3741	1163.5295	0	0	0	0	319.0036	4006.6294	1529.5475	5356.832	981.642	836.28253	1331.5009	1296.8208	0	1206.6841	877.0796	2609.7407	13230.29	4800.066	5018.026	0	1800.1613	10726.817	1739.9681	427.46222	2593.5884	489.78696	216.44682	907.8142	0	237.9408	0	0	0	483.00583	295.59137	752.26215	0	622.3235	0	0	1256.9302	116.61273	715.4666	820.70905	327.5626	0	2502.4832	0	1111.6293	1069.4993	1169.8427	790.44476	2437.392	607.77	0	888.9108	0	0	260.5032	0	0	776.8931	376.71927	598.3468	892.8547	0	13834.859	482.55093	0	522.96	767.5097	0	1574.1173	2017.1418	7321.6206	16919.467	6075.217	0	0	1097.8123	410.02496	0	615.5327	376.54218	0	0	0	405.28552	530.2318	680.044	41737.54	0	0	0	1906.8376	502.08188	681.06036	0	1531.6013	428.14108	876.2887	797.8867	0	2100.0205	0	0	370.3673	655.5086	0	3244.5251	234.85649	0	542.83484	487.6444	0	421.4998	1090.8491	176.4148	0	6358.7813	308.31378	8911.729	1238.7988	19178.762	972.94635	2508.3645	1624.0527	6759.327	1092.3087	5644.34	13253.324	30305.346	2623.0562	4662.6836	25538.03	552.8318	0	480.92322	0	0	6509.6934	2522.2375	3338.358	2934.4102	0	343.24634	673.9865	0	583.9184	1633.4705	410.39188	5521.5317	14238.669	3228.2024
2408QL2-S	229.79552	2382.9675	106.250435	125.75435	332.6553	0	1179.3496	0	127.72421	199.10922	109.86706	0	0	1478.2762	96.83286	649.75024	0	0	0	119.09146	96.18647	0	0	0	141.5478	217.78627	0	131.33473	0	0	0	339.10004	0	0	105.31516	0	0	0	310.72955	0	296.2362	0	3844.2847	335.82898	134.70824	0	133.09846	112.48073	2860.3113	1109.8391	129.3569	92.89848	476.9652	0	0	0	718.3956	310.00763	13389.284	144.99962	121.14525	490.77795	0	307.07602	0	14599.437	118.575935	0	1868.3036	0	290.21268	486.8839	0	536.39935	1780.8446	2288.2664	1573.4315	231.11662	127.23403	319.63455	1100.1185	516.1396	174.87308	450.70282	1231.4987	171.8368	2131.8982	0	242.3373	0	385.7193	30044.076	583.79285	12645.669	2080.9702	0	0	2849.32	271.035	19837.299	3495.4275	831.5855	439.59	865.53754	700.60925	3335.2617	902.97284	923.29553	146.94463	156.72516	0	340.60196	3146.14	6068.9863	435.34064	1387.4955	3064.2676	842.99835	14434.186	18720.71	7560.4775	6209.822	3273.3667	2698.4333	5344.8706	5754.863	12098.299	5903.1855	11154.933	1981.8882	7472.345	3710.5745	4840.9185	5173.8896	3663.3774	3046.74	1801.3677	8072.65	1876.1232	5310.2837	13714.202	17121.334	4953.8154	22814.635	0	180.86877	1244.0476	417.0596	0	217.2115	139.55293	244.43742	230.13896	0	0	793.7519	324.0426	61967.688	108.46142	237.96393	1066.9686	5784.736	1379.1808	170.55273	1258.9757	126.21571	1009.14716	1333.1425	1067.043	0	365.65588	1105.9973	0	203.80783	632.6236	8636.366	105.42058	1869.2767	521.0166	185.96333	5647.651	174.00734	2179.9336	115.60598	2166.5334	2375.4595	683.2671	176.23505	193.17644	15400.943	4891.5073	18109.725	103667.586	4353.0947	0	0	2676.395	9800.327	7047.768	0	5280.833	1968.6604	707.6277	110.637764	827.30927	1082.8918	0	0	0	0	0	352.6799	0	0	0	0	0	0	0	0	0	0	794.4123	0	0	9068.788	0	642.64636	1309.1725	610.1537	0	9754.943	0	8414.59	700.5274	1017.847	0	0	0	0	0	0	0	0	0	0	0	161.7802	3448.863	4580.117	1144.1436	0	733.94653	0	0	0	0	1121.1666	604.42786	387.88373	309.69705	1112.9775	2921.9697	48.800842	0	0	0	457.7078	5428.031	861.633	1582.3029	411.49295	0	331.72485	0	325.76538	0	238.19644	85.9527	1471.9927	0	273.20453	0	0	527.25397	298.79147	426.78217	455.8484	689.0609	183.3007	1058.9502	0	1523.7573	900.0231	245.77565	206.9001	657.57263	380.22922	0	467.63748	0	0	97.56162	67.63976	727.82666	415.1376	691.6776	125.21105	1245.6462	367.52594	7790.9863	103.27336	0	0	681.65686	0	998.1239	0	0	421.52188	7857.6494	105.77677	64.845856	1441.9004	209.49196	0	535.96246	124.4444	0	0	0	217.27242	121.68425	353.89465	71089.93	0	0	0	736.0904	0	406.95035	0	708.79474	540.327	0	73.82297	0	605.34106	0	0	96.0031	126.374466	0	814.8361	289.94406	0	264.45468	262.93625	0	171.80748	333.64117	116.36488	0	13417.155	0	23426.416	2356.7712	22852.879	868.2778	0	0	351.24747	171.16133	0	0	34179.555	0	10006.205	38288.62	341.5907	149.27603	146.875	0	50.280277	1916.8859	705.3511	1183.5681	718.434	0	227.9968	149.31903	0	415.97955	3107.5728	80.98724	9061.656	22262.879	2646.819
2409QL2-D	276.59955	2121.0022	1041.459	271.00323	166.92123	0	2930.8682	0	165.33896	231.47946	365.86465	87.06306	101.14316	7099.8345	152.15233	7481.458	92.65835	115.48411	97.58126	53.605778	75.32409	39.260998	72.177185	0	265.9238	394.60944	0	262.63202	0	0	0	567.8762	0	16061.816	0	0	46.170586	259.43863	480.08533	0	208.46121	0	2260.0332	125.95911	387.22214	0	178.51236	293.4234	2610.8657	1478.3953	370.69666	950.1996	195.09673	0	261.39664	0	328.4911	382.48096	13448.278	1053.113	198.42398	532.2023	0	125.80713	0	6471.372	240.14775	0	731.2197	0	473.07587	621.1607	0	647.6092	1169.8132	486.35468	5136.4316	493.27548	0	255.97578	0	180.69	171.27008	289.12372	1378.0758	250.16061	758.2204	0	0	0	108.27932	30414.24	877.7055	24765.506	350.97424	0	0	2883.7937	115.43488	1593.5674	2707.5044	1362.5494	0	307.17505	233.63853	1146.053	778.6548	1746.1451	207.61325	58.446358	0	277.86255	698.66223	1839.1208	0	693.0415	1073.0239	143.48222	1325.7306	592.5343	1017.11053	0	135.36954	47.112164	0	4680.1563	9086.176	8047.7026	21210.441	104.70857	7743.1685	0	1409.4575	232.38657	330.15405	291.6546	0	0	0	350.4157	350.29974	0	83.09825	9764.852	0	66.80999	1256.1201	360.05508	0	0	287.7958	528.0352	72.934586	0	0	405.6335	695.9869	2088.1348	0	209.47198	3411.0679	61784.137	789.0259	1062.6888	9601.551	1506.3153	1298.6178	1734.428	1408.4786	2198.6995	11027.972	2867.5776	1069.6028	2080.2937	1983.4973	4601.0566	684.10846	728.1845	1122.3584	161.06467	3782.067	0	27355.691	380.21198	888.10504	1995.8403	144.79413	991.525	1111.5127	7429.7207	3160.4844	8404.301	48062.613	22269.89	69.92838	49.907738	723.26544	3974.8657	671.0996	233.19623	13893.426	3108.9956	265.53302	2040.6213	1480.0282	693.2639	0	0	0	237.61925	0	86.684685	114.43022	0	0	0	0	0	0	0	0	0	0	0	0	111536.15	0	1994.5085	3630.5886	282.15213	0	10238.099	0	8518.448	373.26788	1191.6685	0	0	0	0	0	0	0	0	0	0	0	0	60.3563	4606.1675	702.3727	0	89.635994	0	0	0	0	1029.1146	289.4766	326.53366	0	1310.7217	161.5796	42.841007	0	0	0	285.63763	1281.6917	959.1264	76.119446	364.6601	0	0	0	80.56218	577.2807	112.412636	0	370.02133	0	89.79675	0	0	232.51869	137.47469	192.09824	168.20491	254.24478	0	4211.46	0	1872.0027	4055.4785	52.29543	45.787216	537.3851	1146.1487	0	667.1064	39.457085	0	0	0	0	434.8736	191.06412	115.8532	277.96747	0	20692.355	0	0	0	109.66763	0	0	0	0	183.05457	4507.2905	54.482983	0	1191.1583	220.52292	0	240.62506	84.2445	0	0	496.13638	1929.1676	3502.0542	79.979614	84790.74	0	0	0	2360.8125	182.96922	133.90427	0	2284.614	154.78098	0	55.711746	336.10117	458.34772	0	0	93.49914	0	0	1575.8643	282.618	33.645473	1355.0355	1141.5288	0	2206.0295	77.75257	182.01776	43.80027	11109.31	73.31284	26236.28	466.77045	69677.17	1494.1683	0	0	70.09924	104.11075	0	0	16362.192	0	13657.511	31960.723	407.3485	0	80.4415	138.9748	539.8669	361.29956	1633.1838	6609.3	1356.049	32.58249	174.7472	364.03674	0	353.79208	2935.1897	151.06087	12607.118	2556.4387	3817.7126
2409QL2-S	218.92181	865.70844	377.1697	0	352.7544	0	1823.4604	0	353.76776	0	57.849064	33.85162	106.1106	4899.4883	80.7046	2613.4517	0	0	0	0	0	45.19629	0	0	176.94606	261.50333	0	78.12123	0	0	0	264.42264	48.27951	85.22714	0	0	0	0	272.7734	0	387.23615	0	1672.4646	121.542404	210.57922	0	202.28777	374.04828	2547.4973	2263.7112	491.32794	1000.547	2664.954	0	326.54797	283.17242	117.498764	314.25952	9108.816	68.39408	921.75586	273.90918	0	160.97653	0	6862.3774	483.4925	0	304.47925	0	296.10855	435.05716	0	584.77747	1172.037	408.9432	8467.923	437.1479	0	364.12698	0	210.83362	195.20393	280.14362	1109.2899	277.51453	748.54193	0	0	0	111.70805	13558.583	1010.2897	27667.424	289.2881	0	0	5784.9844	126.74621	2229.9412	1965.5754	1511.8157	199.30585	507.14053	244.72597	1911.9637	697.36755	1287.9823	135.77527	0	0	323.18896	580.2015	836.5633	27.214108	174.16273	1283.0228	234.57759	2109.202	201.01065	4041.4766	0	325.76694	181.22844	0	4172.7524	8018.499	2018.6736	18404.486	233.82935	21125.645	0	1817.3738	328.6186	399.77267	187.32054	0	0	0	371.29355	258.61697	0	90.89677	8170.164	0	0	320.6583	114.81522	0	0	334.5824	0	0	0	0	87.75887	745.3559	4606.514	0	11558.62	1936.4966	12276.508	105642.6	1368.1986	121.66927	1709.5244	666.1067	3889.7632	1201.5676	0	679.56616	3826.8367	0	133.3663	2703.7346	5903.4053	1077.1835	477.22522	318.34348	85.20861	3445.449	387.05673	11942.63	321.72055	1450.12	2997.4758	100.10685	505.45206	1344.9291	8311.78	4673.7715	14593.563	60755.418	16567.865	0	0	1503.7869	1284.3284	1050.9503	393.45654	16334.953	2798.9888	423.78473	1115.9524	1822.6885	1242.645	0	0	0	157.06766	0	82.96341	0	0	0	0	0	0	0	0	0	0	0	0	0	115571.35	0	3365.483	3632.2197	359.17093	0	7054.0825	0	7234.3516	412.25006	1114.8556	0	0	0	0	0	0	0	0	202.17358	872.81116	0	0	135.09613	4477.0005	618.6048	0	201.63521	0	609.50494	0	0	1311.4504	370.63904	216.73538	230.28233	1010.1664	98.9536	49.080418	0	0	0	953.40607	1208.9965	976.05414	7180.21	320.93515	0	200.33797	0	0	436.9182	302.87943	0	701.0273	0	63.95313	0	0	97.030136	65.051	64.61147	371.4497	1072.4366	0	4459.0146	0	2388.0818	330.66168	0	49.169567	256.9938	2010.51	0	265.5257	77.063225	0	0	0	272.70032	373.46515	315.2931	126.74126	236.69556	0	3014.602	0	0	0	7567.363	0	780.3475	0	0	0	5858.1094	0	38.949337	761.4363	138.65483	0	293.79163	76.995056	0	0	39.074608	810.1579	783.1469	77.93237	99303.2	0	0	0	683.44464	154.51845	0	0	437.92065	187.6091	0	64.89734	64.19106	242.82335	0	0	107.742134	0	0	4003.7683	972.19226	129.53716	537.7272	487.1289	0	735.71704	61.767403	273.42294	0	12910.378	6105.5884	19753.354	741.4906	70313.98	1618.4811	0	0	0	63.869446	0	0	1814.8468	0	12838.601	30277.701	240.35901	424.94058	336.43082	200.02106	531.07794	388.22678	984.6564	1665.0349	979.8509	0	251.01637	259.7612	0	388.51196	2076.292	353.81668	13405.85	2776.9233	3569.6396
2410QL1-S	127.49749	520.22815	462.71045	0	82.74872	0	501.66162	0	65.84618	213.01717	86.849106	0	78.75865	3688.6255	70.5959	2176.7385	0	0	0	92.98987	41.738228	0	0	0	125.6745	201.29245	0	105.650856	0	0	0	251.54959	0	0	0	0	0	0	199.30225	43.061005	268.06723	0	2240.2705	200.13191	838.821	0	267.38602	179.0964	5518.773	4044.4475	92.309074	310.98035	418.68436	4096.15	449.8163	256.62326	187.00389	169.00018	19797.658	200.58362	77.861206	1175.793	0	213.16246	0	9664.272	786.49817	337.0984	154.97224	76.712074	483.92657	383.7102	136.11623	1038.6217	1631.1711	1055.3132	1888.0331	475.29626	169.83305	196.85936	0	155.07988	197.08252	776.67426	2524.7754	518.4828	1045.9575	172.48155	172.06786	323.74762	773.38696	32962.723	796.6371	14837.932	159.98465	731.6079	423.4165	18620.443	334.77295	6312.4204	6228.695	1553.3655	284.281	1189.9916	390.3855	4197.172	1574.2765	9887.267	90.216675	117.17683	0	703.18365	1598.8726	5257.382	35.487423	388.32434	4406.885	751.21045	7327.4536	931.9438	12776.138	0	825.98285	117.55962	0	9348.14	17401.523	1547.2402	34302.78	1155.4696	9587.039	0	2517.931	1158.747	274.91385	109.17894	0	0	0	220.40497	188.20117	3188.9	179.5085	7746.67	131.22481	187.84685	3351.571	240.89621	146.0789	179.51604	562.098	287.3751	146.1076	522.5386	1071.21	299.461	982.58154	8704.608	196.49998	126.92184	875.0619	8888.85	261.7858	490.90408	80.82814	883.33044	1165.8488	711.1022	2080.2976	0	363.7702	6107.1465	0	188.72078	1179.9144	13507.037	1223.488	1033.4297	3955.448	3106.275	10418.415	9897.39	21086.71	2262.4128	2986.1245	7546.5635	1657.851	5523.6465	1276.9297	7945.775	12772.922	41262.797	43175.008	17237.213	0	229.16916	1933.0305	4362.569	3541.4688	410.26807	8661.8	3593.839	1407.5863	922.74097	3148.3503	3310.1506	0	836.149	798.0903	143.21169	0	293.30478	234.24762	0	0	347.15497	66.775276	39.698498	0	0	104.66245	58.773396	369.97458	75.566925	0	39147.914	122.71327	1145.2189	3741.2803	563.58594	961.6034	20013.914	0	13888.644	533.9732	582.4368	409.2942	65.44776	140.6476	165.25716	0	73.62673	31.623127	0	0	0	0	132.0947	324.43747	14011.598	1511.0734	894.5696	596.90234	0	2476.8618	62.367958	0	687.539	1700.689	614.36206	527.07776	1970.334	299.66354	143.28407	140.21875	875.21173	226.936	298.18088	2950.0674	1871.7313	659.92377	308.44992	0	112.65089	0	0	578.23865	186.7209	0	485.24182	0	65.40197	0	0	93.92436	64.64223	118.846275	97.01551	182.82114	143.3188	1650.4635	0	2353.3796	7045.137	148.92113	54.23368	289.04596	808.9373	0	250.94507	177.91599	0	0	0	92.29402	203.53864	421.24298	82.37236	456.34988	0	17477.879	0	0	115.22349	447.20566	0	1454.7499	386.5482	1813.9954	338.5012	10382.044	113.87817	0	662.3879	105.79423	0	253.77144	79.82113	0	0	0	689.3271	59.898026	160.13882	45365.113	0	0	0	562.98804	0	164.5228	0	356.54294	300.17526	0	79.17639	0	416.33557	0	0	165.26	0	75.18178	782.78033	192.66019	47.60164	656.56287	505.29156	0	1056.1473	628.5631	190.29074	0	14183.165	518.6123	32700.908	842.45465	48864.348	1575.4314	289.83405	118.92837	449.169	189.66098	196.47562	767.5265	7331.6055	177.72029	24388.814	27704.422	203.34946	48.36477	111.75781	85.074875	204.38515	5626.9233	687.342	1885.372	619.9978	0	183.65959	94.8498	0	237.34746	4219.315	218.67767	16887.863	7002.909	1067.8171
2502QL2-D 	0	0	808.0128	0	0	0	201.44685	0	0	0	172.97128	0	0	20830.203	0	204.11595	163.85278	0	0	180.99786	0	0	0	0	0	0	0	0	0	0	0	0	0	0	0	1022.2845	0	0	0	108.22821	0	0	3173.1704	1161.0728	671.8044	0	0	433.1635	8515.135	4751.535	0	1307.536	441.6214	1026.8965	14554.041	1052.1191	0	0	15418.454	130.75635	0	6463.0396	0	595.23816	0	9894.501	0	227.04597	0	446.27646	372.44772	0	188.08238	708.7691	2806.2373	504.53195	530.2566	0	0	0	2596.8655	237.02852	0	266.17017	2848.0583	914.56616	1323.6519	131.07472	0	512.22577	2192.6365	36539.14	717.72217	9607.403	0	269.1798	207.9283	7246.8745	0	3724.442	2670.7192	576.11914	0	0	245.78293	772.77136	857.5235	12981.126	0	224.98817	0	273.616	1456.3746	319.27386	0	0	1251.34	0	3798.637	1286.994	4171.0854	0	262.85352	290.9906	0	435.4793	19851.465	0	97.705666	165.13239	3604.4932	0	506.40326	0	0	0	0	0	0	0	0	0	0	2083.819	116.43038	254.69786	323.50287	179.0339	318.82352	475.45697	825.3848	379.7331	100.005806	573.7806	0	327.08096	2845.8127	2766.6301	1319.8696	0	0	204.1105	0	353.4255	0	234.47984	301.98822	159.54553	356.28375	0	118.157135	2442.4019	0	0	1671.5087	3733.1863	262.51508	302.53043	0	0	3448.7234	0	669.9908	0	718.6067	2816.78	152.94432	0	0	529.9793	33985.14	134410.4	56023.195	8436.394	882.7523	0	2635.835	3738.78	1836.8842	14558.783	5831.7856	6387.6787	6098.7793	4803.8027	4486.81	3271.432	108.51635	381.5172	339.7084	739.06726	289.68866	905.06696	510.02158	386.994	255.24228	1854.3815	252.09138	333.4452	168.93217	0	1718.0378	841.1826	315.73993	225.7036	306.74472	11013.95	199.48651	516.80206	16174.22	776.00305	332.3382	7992.9873	0	2536.6775	345.1497	953.84766	0	977.793	704.22485	1514.9932	378.01358	0	200.18669	104.76911	4105.8315	5619.6323	1443.1957	0	470.78525	5588.504	2355.5725	1580.5481	1332.7128	0	5221.236	1266.1543	1653.176	1525.8309	2019.204	380.64642	5317.9385	1938.2878	355.61636	1689.6691	642.5538	1290.135	620.4047	389.79828	1003.4337	1144.4381	239.97215	0	0	262.60547	0	0	1090.9979	0	687.43774	0	0	0	207.36313	0	0	0	0	0	0	0	23205.14	0	3756.5303	27256.98	271.62756	155.92801	117.50426	94.096054	0	0	192.99211	0	605.4138	0	203.14786	0	0	0	82.346596	0	4249.6587	0	0	0	311.27618	0	4559.4707	365.57306	864.0007	1054.0822	1854.737	302.2902	0	794.59564	0	0	589.4041	259.6485	0	0	0	178.13025	0	971.8697	54238.445	0	0	0	140.6441	0	0	0	194.96672	428.32224	3531.0244	687.4072	0	1552.2393	233.34883	0	0	0	179.85808	0	0	1472.8337	0	0	0	0	182.18239	0	0	22541.256	288.19626	14289.115	4360.786	80241.93	1259.85	189.6409	812.9938	554.0478	277.30157	950.86676	3873.189	518.50653	599.43225	38928.17	13759.071	0	0	0	219.67177	2057.6719	0	99.11831	159.3319	104.200935	413.6481	0	0	0	0	1259.4271	0	24443.877	1563.4077	1742.6675
2502QL2-S 	0	0	1319.5934	0	0	0	0	0	0	0	0	0	0	41800.098	0	0	0	0	0	0	0	0	0	0	0	1977.4928	0	0	0	0	0	55.12242	0	0	29.20575	1070.1962	0	0	54.23968	49.039898	57.020348	0	1794.3286	669.2382	399.36856	0	0	403.1793	8521.17	5511.646	146.373	1209.5287	255.6762	322.7445	19089.303	0	0	0	13177.052	0	264.05902	2167.2268	0	373.2102	0	3888.7876	0	132.828	200.60484	0	129.00099	141.23793	0	425.9549	1463.4314	104.20183	1487.5088	0	0	35.147816	843.31433	0	0	0	1869.0753	568.61975	2349.907	0	0	0	0	35664.36	714.0168	12544.089	81.1103	0	0	2720.5156	0	1170.2422	1525.7233	658.99207	0	0	0	256.2088	0	3448.6196	0	0	0	131.2696	314.10193	132.02719	97.57242	87.3874	294.42017	0	602.1599	105.35896	1016.5311	0	0	66.85556	0	140.57759	8869.374	0	55.218025	0	6148.0313	0	392.42245	0	0	39.57406	55.216496	0	0	0	0	0	0	546.05457	0	0	0	0	0	0	285.3275	0	0	0	0	63.907158	977.99036	1369.0145	0	0	102.59934	290.9726	0	0	44.92564	79.68156	0	253.06235	173.16571	0	0	2500.7534	0	0	5038.098	1271.1233	440.80576	180.75877	0	0	938.9092	0	280.79596	0	290.33337	1729.4275	0	0	50.69744	72.55497	31895.857	116043.91	73447.164	21455.68	3844.5818	1311.4117	1486.2035	2552.4229	621.039	6062.7764	6243.0327	6614.376	2124.1702	9728.786	4911.6636	3215.2014	0	0	0	1042.833	0	70.778046	76.03246	0	0	0	0	74.382034	0	0	128.527	131.888	0	0	0	42419.1	0	407.78732	22094.379	0	0	4069.7964	0	1420.4564	0	1649.0065	0	0	0	0	0	0	0	0	1559.594	2040.1233	209.458	0	0	2445.8726	825.2022	0	523.99347	0	571.591	0	3191.8738	3198.067	400.7881	166.3133	1641.386	1052.4063	0	563.2899	0	0	0	615.28326	454.0749	1120.2314	0	0	0	0	0	167.46223	658.007	0	53.636513	0	0	0	0	0	0	130.2128	0	0	65.23552	0	74890.22	0	2286.8308	13770.019	0	0	0	213.66457	0	0	0	0	0	0	0	62.368557	0	0	0	0	5148.5107	0	0	0	90.40642	0	603.71295	0	0	0	677.6247	70.81343	0	0	0	0	0	0	0	0	0	538.38763	39.946033	39.43538	54067.89	0	0	0	0	0	47.94068	0	0	0	0	203.31668	0	0	0	0	0	0	0	177.23587	0	0	255.44513	180.3462	0	428.2199	0	0	0	18420.277	0	13703.286	1951.131	120463.77	752.17206	0	0	0	0	0	0	2160.8374	0	41134.035	16620.5	79.26614	0	0	75.61003	3779.7214	0	385.05002	87.472275	262.79688	0	0	0	0	0	759.56903	135.58919	23329.166	897.96375	5743.803
2503QL2-D 	0	0	229.41429	0	0	0	0	0	0	0	0	0	0	22002.465	0	0	181.75063	119.36856	284.17313	349.04193	0	0	0	0	0	0	0	0	0	0	0	0	0	0	72.80859	450.36337	0	0	0	1095.5219	391.75967	0	3568.5676	1833.8298	1854.316	0	261.84897	306.83337	6985.5303	2528.193	376.28012	807.40393	3932.5137	13103.349	9977.189	594.8625	0	0	12250.854	0	642.59827	5683.9556	169.79095	937.7888	0	21693.795	0	0	281.91245	374.07468	6224.6685	146.29556	158.50833	854.51526	2240.5303	448.94226	187.37968	0	0	221.22224	4262.6846	0	256.96808	341.0224	2105.8245	425.2531	1050.2996	0	0	414.7407	1074.4124	28847.182	547.27814	4267.573	110.010796	295.77945	91.013435	8437.054	0	3211.6235	3449.2332	760.9902	0	0	234.39444	294.0781	464.5004	555.0151	0	312.99704	0	384.80865	2339.4187	327.3827	107.97831	107.87239	1882.2352	0	8734.998	382.19476	4421.674	0	353.15292	163.43437	0	638.10724	21027.832	0	0	214.6586	1568.2991	0	482.3586	160.92265	143.28517	0	0	0	0	0	0	0	0	3568.4246	146.8736	536.47485	357.5271	201.80411	215.36314	1140.618	171.12526	511.83173	182.77895	360.8825	0	294.49063	645.4444	2638.2217	5133.3125	0	112.64723	300.66147	0	195.42241	179.36818	0	211.55446	0	193.36813	0	113.96595	1514.011	0	0	451.57016	3734.6924	0	388.22974	0	0	2514.1948	0	781.11066	0	277.91605	3473.141	205.88681	0	0	536.2083	27267.861	115228.45	86625.11	3902.4446	1152.3871	740.64667	4412.8906	4632.628	4315.495	12647.762	4366.017	6231.2495	4139.9834	1137.7081	3438.4475	2010.0952	2335.587	2158.7014	2020.6951	1675.3756	5541.9795	4532.712	2581.231	2537.1953	2422.9119	7831.604	2804.4956	4804.916	3266.1323	2485.2163	11487.251	4420.6826	3058.0784	4545.948	4739.1895	6041.366	4600.489	828.6156	17334.572	786.21136	1003.54956	8210.312	0	2794.9556	515.3057	1226.4899	147.59785	721.9685	1152.7395	1422.9797	496.9499	697.2485	162.96667	495.4673	7550.876	10085.877	1398.9332	0	185.54633	7340.9316	3117.594	170.10214	1518.8029	0	7792.6543	384.99915	3266.2444	1922.7391	1673.3971	359.467	4073.3242	1082.978	550.8467	923.38135	632.4855	442.55063	479.05832	535.12946	1448.7654	882.40466	0	0	0	115.83177	0	102.323296	1304.183	217.49133	202.0063	0	0	0	0	0	147.44633	272.41568	0	0	98.56104	0	19722.877	0	5223.0244	20543.055	425.1854	160.50024	0	0	0	0	0	0	178.3439	0	0	165.5057	0	0	0	0	3917.033	0	727.0413	0	793.9881	0	7561.9087	134.77751	0	4184.9795	4218.597	687.98535	0	0	0	0	319.57452	0	0	0	0	242.68976	89.41768	340.1227	32190.818	0	0	0	0	0	129.7258	0	0	180.52724	0	307.42795	0	558.85944	0	0	0	0	0	126.23184	0	126.62973	408.84378	253.55516	0	674.5543	264.4262	0	0	25011.709	0	9043.004	7088.7183	40470.434	526.1266	0	1031.6035	362.5345	363.45673	0	1244.2649	1677.61	228.9267	36982.258	11213.318	261.23987	139.89539	0	202.70992	723.4896	0	169.13675	119.91636	435.06546	311.3887	124.36372	236.71881	0	145.34491	3754.9885	147.4327	21663.744	2069.1885	2610.7336
2503QL2-S 	0	994.80396	1434.4733	0	76.49459	0	946.441	0	0	0	92.422356	0	0	10127.23	0	300.35367	0	0	0	457.5712	0	0	94.21081	0	0	72642.664	0	0	0	0	0	113.02957	0	104.51164	0	1126.4225	0	0	111.94321	559.326	773.3346	0	8646.445	2892.67	659.44446	0	0	581.4306	4182.4214	3008.8462	318.4929	1657.1705	7676.982	0	13665.681	2663.0383	0	122.32174	3936.457	77.27223	409.01187	6460.2573	0	613.56696	0	1368.8395	0	0	136.10234	0	1664.0778	232.44418	0	309.49686	1489.7888	0	186.2521	0	0	0	1132.9133	0	463.8678	0	468.44498	0	2493.6753	0	0	0	0	11206.647	512.93066	3391.133	135.74547	0	0	388.40118	0	302.58148	314.93277	118.285545	0	0	0	0	0	174.26125	0	130.47557	0	0	254.65753	0	0	0	0	0	283.40775	92.85083	474.50867	0	0	220.19193	0	0	2610.3977	80.87664	0	0	1055.0521	0	122.76055	0	0	90.53566	0	0	0	0	0	0	0	0	0	0	0	0	0	0	0	0	0	0	0	0	0	116.38509	0	349.7927	472.11365	962.12213	0	147.80408	239.35298	0	0	0	0	0	151.16447	426.00043	0	0	1640.5347	705.51184	0	654.2882	62.77235	0	97.40767	0	398.6195	0	0	275.54852	0	0	0	0	15012.006	132387.22	56571.438	2570.735	452.1726	222.59337	8173.434	1504.7617	227.63983	2509.8228	2231.5078	3280.4749	335.4703	1543.8066	1761.7496	986.8755	0	0	0	396.41428	0	469.16925	0	0	0	352.21924	0	395.9941	0	0	590.7919	199.64828	246.75618	0	0	13313.841	0	45624.754	7450.2974	0	0	739.4004	0	277.0396	0	2529.305	0	0	0	0	0	0	0	0	58824.88	75114.96	3211.1963	0	4672.3765	406.55756	390.6192	0	553.5883	0	8727.534	0	2656.4258	630.65625	107.11973	0	0	413.53687	0	106.28591	0	0	0	966.8177	151.89064	420.8531	256.8118	0	0	244.8296	0	0	2006.4456	210.13727	149.23618	96.07591	0	0	0	0	0	77.80783	0	0	87.02288	0	83921.445	0	30274.264	1357.229	0	0	0	0	0	0	0	0	133.94397	0	0	736.91956	0	0	0	0	636.0725	0	0	0	16547.969	0	8803.105	0	0	0	196.399	0	0	0	184.85855	0	0	0	0	0	70.05634	680.7233	0	152.16147	21816.967	0	0	0	0	0	0	0	0	169.44269	0	0	0	182.35587	0	0	0	0	0	158.47447	0	103.89542	380.6147	1216.4545	0	519.77045	0	0	0	78819.2	0	2917.7217	27754.527	25839.965	0	0	0	0	0	0	0	198.11559	0	18322.125	6650.0166	170.89612	150.13179	0	197.04831	638.4414	86.83345	298.6989	84.9638	359.65628	210.29865	0	1501.4103	0	361.46255	170.47241	98.837494	9033.764	152.26976	8766.063
2504QL2-S 	0	349.65158	0	0	0	0	441.45926	0	0	0	0	0	0	33030.164	0	0	0	0	0	56.456528	0	0	0	0	0	16164.118	0	0	0	0	0	0	0	0	0	256.03436	0	0	60.061394	70658.336	263.21375	0	3991.1172	4825.0034	2088.2683	0	0	212.68243	5509.6147	1831.3953	66.93007	692.5978	2804.1052	19561.186	3627.7815	999.44543	0	0	10862.457	0	111.90467	8359.014	0	799.00604	223.68121	12267.806	0	0	86.74779	163.63057	2406.8142	123.34886	0	479.0437	2922.6719	779.158	134.8436	0	0	119.20544	2008.8312	0	151.3344	253.46378	1518.1786	0	2161.056	0	0	0	187.46458	26390.729	396.77057	4608.5376	96.04944	0	0	8151.369	0	1886.4187	4195.4453	394.89063	0	0	92.337425	0	0	1026.4099	0	0	0	296.78168	1069.016	202.06622	0	0	965.944	0	5672.9463	118.38972	2843.3076	0	191.77698	207.59898	0	114.026726	7787.647	0	0	111.01158	1216.5936	0	175.94066	0	212.28972	0	0	0	0	0	0	0	0	0	0	0	235.99974	0	0	67.30715	0	0	0	0	0	61.149643	447.50516	2150.0352	67.0271	155.97322	117.12911	136.99594	0	0	0	0	0	0	0	0	516.8132	750.85297	0	0	662.3847	3093.0671	0	470.7168	96.82898	0	941.4843	0	0	0	117.21136	1112.5647	0	69.36633	0	343.20245	27537.174	128314.34	64994.895	1981.4232	0	0	6407.627	3224.9915	3351.1682	2132.8174	4590.86	4707.985	3773.4258	1290.4524	2022.9751	1354.6996	0	0	0	381.10318	0	867.3881	253.33304	0	0	322.5242	0	394.09796	0	0	469.9771	181.23466	215.22969	0	0	5411.6846	0	7148.528	25051.156	212.08533	0	8486.711	0	3276.1433	0	2834.5544	0	0	543.30414	0	0	0	0	0	17859.854	20381.938	3056.3833	1690.3105	5493.6855	8222.316	2883.4048	0	2500.4065	1958.321	12118.939	0	1889.8453	2259.4988	1507.7021	254.34152	1348.798	576.8817	382.26874	895.83563	0	0	0	1106.4404	5491.928	645.9758	94.58531	0	0	204.42278	0	0	1213.4014	252.11758	0	83.3741	0	0	0	0	389.79236	44.41694	0	0	65.6726	507.41824	69371.13	0	9055.549	14942.752	0	0	0	0	0	0	0	0	0	0	0	278.63232	0	0	0	0	1756.7333	0	0	0	5032.1123	0	13275.349	0	0	116.54748	1580.9128	261.76706	0	0	0	0	0	0	0	0	0	339.61285	0	54.363968	28466.38	0	0	0	0	0	0	0	200.34369	78.006805	0	104.25332	0	82.06523	0	0	0	0	0	99.92582	0	0	156.37982	227.24138	0	180.77014	0	0	0	32723.713	0	6210.7397	12073.459	39327.164	0	0	215.41348	73.72883	83.9343	0	81.944786	992.452	0	19757.465	8202.224	157.26701	1138.4651	0	1290.7164	624.1015	97.12002	147.7718	0	381.4439	0	73.78784	412.22134	0	149.51654	1861.9731	259.10776	16097.739	1865.5902	9278.808
2505QL2-D 	0	0	0	0	0	0	0	0	0	0	0	0	91.69315	40001.734	0	0	0	569.1387	0	0	0	0	0	0	0	0	0	0	0	0	0	0	0	0	0	70.93198	0	0	0	69005.23	224.47017	0	432.4082	639.49927	288.00394	0	0	95.53793	6840.8667	1417.5239	0	288.3546	5530.3403	2477.4973	684.7162	453.5315	0	0	16747.303	0	0	7850.766	0	397.78424	478.23666	7985.673	0	125.495575	0	342.73343	166.57648	0	107.87219	289.82742	5540.7744	542.9783	65.387245	0	0	124.45936	0	0	0	707.29236	3010.3948	649.09314	1191.4202	105.00197	0	496.65826	4307.5405	27761.986	415.1346	2642.1936	0	112.38262	138.4417	21761.184	0	3517.4526	10020.734	1026.1147	0	0	325.33414	93.629684	195.13283	4664.434	0	151.29514	0	668.7881	1208.0859	599.1103	0	74.2842	5724.729	0	6029.095	248.8989	13933.298	0	567.5703	0	0	1905.3672	6593.136	0	0	119.192474	1170.5938	0	220.88388	0	179.85962	0	0	0	0	0	0	0	199.40738	1421.153	58.877514	367.67386	165.0113	141.51784	222.10312	580.9135	197.8805	318.14743	113.61522	502.25116	0	150.93257	823.1955	2651.24	1620.1884	0	0	30.48013	0	0	0	0	0	0	52.871773	0	47.749905	453.64484	0	0	151.31723	2077.8032	0	554.5976	0	0	2556.3574	0	0	0	148.16551	2648.1042	140.50735	0	0	912.84344	42588.133	176312.2	32174.707	1699.6537	101.21408	0	1607.9065	5120.473	2744.926	390.14212	3053.1755	6157.987	19929.557	328.6954	2483.6812	1592.2336	0	306.69907	466.963	396.3882	0	812.7426	413.64456	225.76	111.13076	863.7289	0	89.73127	198.64645	0	329.72046	113.835495	479.7585	213.04561	112.87241	627.55566	172.2317	219.61313	18883.213	862.3132	192.3723	19475.697	0	9084.833	674.4247	1178.8734	86.23983	767.5547	636.9208	658.4085	173.56796	0	0	0	466.20834	616.5499	367.37158	0	63.297455	15337.8	9689.435	8253.993	7442.979	7054.927	3834.4043	1495.8494	4365.9126	1565.333	5025.027	1397.9303	2918.672	2005.358	2986.613	4175.3916	1863.0371	1662.2513	1334.1498	547.1312	1664.3562	915.7553	59.884487	0	0	47.250977	0	0	1043.2101	0	83.477295	0	0	0	0	0	0	0	0	0	0	0	6657.2026	0	1726.5403	60398.883	178.22133	0	0	0	0	0	0	0	76.23104	0	0	0	0	0	0	0	1840.7809	0	223.98987	0	189.56676	0	2933.536	189.94371	1177.6031	582.20856	10873.474	617.768	0	0	0	0	226.8817	0	0	0	28.311287	73.886215	0	105.00378	22765.775	0	0	0	0	0	0	0	0	79.68848	0	198.39786	0	222.17302	0	0	0	0	0	0	0	44.43545	0	0	0	0	0	0	0	16383.193	0	6266.3677	2498.3147	20305.623	579.7165	198.12012	356.1951	482.1397	188.92876	777.00397	5428.233	849.30707	456.2809	30942.252	6444.892	0	0	0	142.69608	155.24649	0	0	0	49.054867	0	0	0	0	754.3059	6120.863	0	27313.941	4587.0176	2191.5818
2505QL2-S 	0	140.73909	0	0	0	0	209.98563	0	155.18996	0	0	0	0	40918.16	0	94.614	0	0	0	0	0	0	0	0	0	0	0	0	0	0	0	0	0	0	48.537487	169.01323	0	0	92.06651	140882.16	54.13731	0	439.0221	1835.325	388.05762	0	61.650936	110.41809	5193.0845	815.32776	58.28088	367.1397	275.02765	0	423.71725	1868.0382	0	0	14214.898	214.04616	87.29976	11059.098	0	443.9822	1285.2657	7700.718	0	0	0	0	1972.4913	65.28288	0	386.4686	6246.9697	1290.3682	851.6884	0	0	69.103546	0	0	0	440.4784	2440.0144	0	924.269	0	0	0	0	22830.264	408.53452	5263.213	0	0	0	18526.953	0	1443.3684	9672.341	884.75104	694.4507	73.83691	357.8454	0	148.3803	5361.079	0	0	0	768.5307	2872.6853	0	0	0	1670.7549	218.10844	4657.7686	67.94232	2345.7256	0	148.03683	144.42276	0	5193.015	12908.685	0	930.7922	0	1688.7645	0	166.6146	0	0	0	0	0	0	0	0	0	0	0	0	134.38182	0	64.216354	0	0	0	0	0	0	0	0	356.61844	326.11603	0	201.47221	57.218414	81.46092	73.71434	0	0	0	0	664.9579	0	0	90.04347	326.95056	0	0	81.81103	5133.491	0	940.03406	193.97505	0	341.89166	0	262.1648	0	0	1027.1335	0	0	0	94.170204	34815.83	165373.5	60831.367	2704.066	0	0	1497.8934	5751.933	2293.2996	225.60268	1556.4907	8026.9155	6819.625	354.02008	2258.1223	1129.4063	0	0	0	117.384636	0	359.82114	0	0	0	0	0	0	0	0	0	0	0	0	0	953.4538	0	602.1794	15260.522	0	0	9446.568	630.56726	4899.9043	0	1452.7264	0	0	0	0	0	0	0	0	3187.6638	4099.958	2663.6316	232.89575	1088.5872	10049.359	2840.313	0	3347.0034	0	7308.868	0	332.37274	803.61487	1106.3966	280.57568	324.24414	687.2627	218.61656	7832.81	0	0	0	1385.625	7943.8696	2903.9749	8432.488	0	0	207.2627	0	0	1475.1743	502.10672	58.730083	567.34924	0	0	0	0	105.46301	359.52548	0	0	65.642784	1040.9446	12649.131	0	3232.776	45904.613	0	0	2403.3518	66.70424	0	0	558.86554	0	0	0	323.6615	143.85312	0	0	0	0	4467.2485	0	0	0	192.65724	0	4773.4883	0	0	0	22579.941	96.69066	0	0	0	0	0	0	0	0	332.71622	302.93433	51.718567	0	12893.576	0	0	0	0	0	0	0	68.521454	77.12145	0	0	125.61806	103.57271	0	0	0	0	0	57.413498	0	124.696495	177.09192	163.52356	0	254.76611	0	0	0	22431.504	0	10606.71	4882.7964	14168.3	306.36786	0	0	0	0	0	0	246.25967	0	32288.145	9185.919	139.13261	757.2676	0	192.77084	56.45319	0	79.3641	0	179.21428	0	0	63.300888	0	0	5443.1284	69.10789	29011.973	213.84029	4547.867
2506QL2-D 	1597.2548	2538.6667	0	285.0645	2769.4468	0	2263.672	91.203285	652.58075	1324.4594	478.5729	339.10312	290.36908	11800.123	865.9797	358.66226	1144.901	765.9117	230.90424	500.14066	171.3351	0	257.89685	0	443.00793	2152.8892	0	495.41483	0	0	0	3421.7236	494.73737	177.30283	4317.7344	0	618.16284	0	2520.5618	8281.456	416.89398	0	0	640.3891	0	0	569.20245	0	191.11916	47.291504	538.0078	92.679726	1006.5583	0	0	153.66261	512.7248	1973.1074	562.8372	3306.4043	676.10583	551.99725	329.22403	161.24588	2099.3206	436.64206	369.30148	0	2157.631	0	0	5046.975	0	0	841.3619	951.16565	2011.2292	60.439934	265.07178	1536.9375	0	463.90408	407.05765	416.66028	116.26638	244.57336	894.7377	0	0	0	339.7343	666.6421	0	1415.6597	2086.3843	0	0	600.3651	0	293.63306	516.8999	464.5035	0	187.06918	730.22705	0	1959.4131	220.549	442.1254	500.60446	0	150.15613	87.39948	0	2335.5688	456.74286	371.19937	127.46528	378.03143	2883.083	896.2732	0	197.63098	6772.468	142.95378	323.41187	304.1168	731.46906	96.339516	6329.0244	132.17848	0	0	0	504.8513	1526.5005	755.6156	0	0	9464.921	2107.8608	0	567.4643	0	0	390.84055	1872.5562	967.77655	93.037674	394.3882	189.25986	487.41238	529.6612	0	0	393.68588	367.23077	86.06869	261.52902	4975.0215	3972.1504	3316.736	4085.121	1411.2693	380.80203	0	1597.2312	706.123	0	73.91652	1490.93	0	0	0	381.95645	131.99974	219.20049	1199.8551	4534.1216	420.28113	336.1608	0	358.5036	415.65695	0	916.2283	1978.2814	0	0	201.54678	1114.4321	4595.411	3955.1953	2901.7327	238.33755	175.97421	127.72739	357.1325	262.0211	0	402.4212	231.10867	1851.2009	1481.7322	76.30501	0	0	0	0	256.59882	0	399.00177	379.45526	0	0	0	0	319.13687	0	0	322.59064	222.02391	0	0	0	129.66013	0	17790.098	2259.7356	235.22633	0	730.6697	203.29225	347.30698	0	3933.2957	0	0	307.96524	161.84796	0	0	0	0	0	0	0	169.66891	89062.36	486.45624	766.8388	0	432.9789	312.64084	0	0	111.67929	258.24533	344.82184	237.64076	474.9877	0	270.1635	226.689	0	0	0	4816.5444	839.705	62.17507	12907.208	79861.8	4609.318	57807.75	3283.683	2327.3154	1432.0334	7811.3564	7838.322	15189.658	2258.8557	17955.363	5375.7983	3418.9265	21202.736	55775.598	2615.2444	8432.154	10078.743	520.51	25479.79	0	540.7103	2113.8486	864.97107	1870.328	6838.0977	662.068	520.3715	1164.6908	10513.96	194.44402	3378.7402	0	13349.65	10352.907	2402.732	2809.3474	320.7176	49.75272	34829.402	778.62213	503.10855	743.3491	6954.5776	8378.768	0	0	0	599.0657	1263.2993	0	244.7773	248.46371	2919.762	402.13614	535.52356	511.0333	0	0	1254.068	6373.2915	727.5192	8372.984	2111.3855	0	0	68.41639	2468.5444	547.8667	4489.2754	117.47591	888.79	13306.974	0	1737.6946	2194.0767	4219.416	1294.4015	420.5554	289.78125	52492.09	3708.2908	14462.295	135.64531	6078.7	4028.745	3508.5762	89.15779	4842.2646	4254.099	458.37656	466.51855	768.5901	6212.2417	356.6703	161.65266	2413.0874	0	0	280.27295	2072.8967	1168.4089	0	0	1110.2965	0	876.7326	1252.5577	4172.4883	899.56226	666.4089	493.8544	403.8452	4063.527	14544.018	2642.7253	9614.704	231.05998	891.314	6051.5146	168.91269	1056.431	405.31064	248.06429	903.8762	173.51202	13703.416
2506QL2-S 	1464.7068	4389.6787	429.20197	468.0645	1397.3225	0	6387.1523	332.10883	404.53906	1487.2661	1078.345	3517.1306	410.11566	11973.478	657.8138	4659.3545	1395.8256	2027.3022	737.86755	946.36426	478.28366	0	544.9995	193.76337	442.45612	1391.1582	0	529.0766	0	0	0	2416.869	606.83923	0	373.00668	0	345.8629	0	2898.986	4572.986	815.3192	0	0	611.21515	306.78772	0	641.3077	97.97962	342.5488	81.69845	472.48297	242.74136	7584.4385	0	315.2603	251.38387	1259.3732	1463.3219	1408.059	4284.1987	578.24164	705.2986	412.06845	170.08495	1376.879	2457.5117	447.56918	0	2990.2068	0	315.26572	3829.131	0	233.52605	947.89624	2142.28	7257.809	444.73972	411.67764	778.45135	0	756.5934	619.8571	1419.1553	208.70428	459.2136	648.21716	0	0	0	749.16895	1322.5382	96.98536	2626.5068	2149.2727	0	0	2598.047	245.40443	654.0412	2394.239	2076.5354	95.89485	721.43646	2102.5977	0	6785.2456	1303.146	435.89938	1034.762	0	478.63043	355.98248	253.95639	361.59048	962.2827	1141.235	354.38437	319.52423	3866.1553	1198.6119	0	256.1995	4634.431	521.2069	2602.8457	1409.436	3594.7095	843.4495	9929.421	740.27246	88.57506	241.22519	0	1266.6882	2359.1548	178.52054	0	0	2584.6846	1736.318	61405.402	882.7767	0	0	872.465	2020.0217	1587.628	114.15631	787.4337	465.5479	628.51575	2966.9624	0	0	534.6632	688.18024	165.74028	489.93878	1201.0858	4035.0547	9847.889	4178.8916	1176.4257	426.9049	0	5428.233	3189.5447	0	0	986.66046	242.61362	0	0	721.9492	519.86163	299.97665	2288.849	2351.9773	545.9395	1229.7676	179.79085	5273.055	486.7625	0	3122.453	2840.5254	0	71.29087	408.0904	1417.1631	6247.911	16073.363	13748.078	240.26436	371.426	287.35345	744.71326	228.0131	0	235.26987	472.4546	3199.496	3200.349	185.86299	68.115746	0	0	0	457.81824	0	788.8697	271.6237	0	0	0	0	437.99457	0	0	352.80554	301.9931	0	0	0	590.24786	0	15419.188	1446.2142	830.36584	0	3084.226	288.8437	1435.6948	237.33388	4358.7114	0	0	785.132	204.66602	0	0	0	0	0	0	0	598.53235	15021.186	2100.262	2181.9841	0	643.65564	182.26616	193.03574	0	59.248257	270.81616	825.1739	502.7191	305.3787	95.737495	538.9872	1166.8661	0	0	0	1672.8147	2174.9663	191.82198	12435.834	13499.71	1323.4064	19758.059	428.00433	434.1623	847.1173	2713.2827	2047.3826	7833.3447	0	3550.105	6768.952	329.1493	4041.471	3052.749	772.3639	1062.4447	3954.833	2062.6384	12620.345	1909.6403	1712.7261	4874.7583	3878.4802	2742.5396	18577.988	3920.3157	37541.043	3726.5664	14307.23	11676.186	4472.242	2621.4294	31491.484	11407.394	13121.518	14218.641	4656.329	3684.3804	21334.236	10940.132	3946.559	6560.7466	27563.213	14127.283	0	0	0	808.8872	6274.1895	69.110855	484.88654	1401.9744	1250.128	525.2082	927.65686	1048.5457	0	0	641.72186	4387.7324	660.2039	7025.9277	1863.9879	0	0	117.133354	4496.9624	475.43542	1032.0425	330.51193	894.4646	20255.098	0	1172.3779	2894.116	9687.37	1130.7664	195.8676	344.30234	54225.875	2408.403	5445.3896	390.48996	3500.0808	2369.5723	1750.366	0	2861.3083	3402.8184	1551.2211	498.5059	1362.2786	1550.5896	1215.3082	226.11057	1510.8198	0	0	178.88422	4037.9497	2226.6514	0	0	1707.3673	0	2042.656	2490.081	2396.5005	460.72433	479.75418	272.47702	193.83878	3393.8396	6673.7305	7772.2515	4920.142	208.75983	650.57117	815.9186	0	2063.5576	1065.4012	234.1824	1806.8165	232.15509	14644.031
2507QL2-D 	0	448.2603	0	0	0	0	316.17984	0	0	0	148.55162	0	0	48274.797	0	0	0	0	0	455.55872	0	0	0	0	0	751.3974	0	0	0	0	0	168.46127	0	0	0	0	0	0	0	8733.1	0	0	635.4765	806.40393	132.003	0	0	0	2916.9148	1593.6844	0	252.54063	117.83845	689.26526	342.28693	908.7952	285.3678	0	7001.464	387.6108	0	3445.163	255.44196	837.85754	3919.785	4379.037	0	340.58167	0	922.0579	113.22874	121.08357	653.639	204.66563	2984.0408	1271.3408	1140.7855	0	161.43529	0	206.0471	145.98267	0	861.03705	3664.6807	1147.9442	2245.071	633.95166	590.0565	2896.5347	9373.252	7531.4146	392.4466	4791.061	161.01016	994.7737	465.3304	8965.194	154.55235	2015.736	5245.6445	1493.5372	175.2935	1111.8705	844.10205	139.03804	1228.6105	2428.758	0	586.7223	0	537.94214	929.7298	1041.8062	0	417.49796	2634.954	599.72076	3710.4417	622.47546	23117.51	0	407.92697	229.8148	0	2579.3584	3550.0967	109.59747	1372.9159	353.60318	1332.9645	0	857.6131	0	0	0	0	0	0	193.313	0	0	0	5078.15	149.74556	750.0243	472.748	564.53595	1400.4196	1836.5198	595.4778	1269.7329	430.63492	1619.9583	442.176	3213.788	2591.9675	5213.1836	2567.2573	0	282.55817	944.5645	0	194.86467	0	0	1009.96985	444.3412	76.42801	0	217.05972	202.3798	0	0	456.4241	2354.3228	811.0044	1108.408	233.70605	0	1761.5245	0	165.79402	0	135.25856	2905.0774	428.27136	0	0	2676.5813	15428.052	65483.652	20395.533	15528.331	411.3013	0	1449.8109	949.1952	1838.884	0	2612.5034	1935.2449	67931.35	1617.509	853.0134	745.1491	0	1532.9106	924.7063	581.6941	363.88815	1828.4827	943.9589	464.18643	281.5978	4477.6025	600.6348	468.94424	636.78503	0	613.8397	434.68057	539.41034	587.1376	484.7534	3945.908	740.67993	195.11795	28098.967	1417.1854	285.55563	9226.763	0	4078.6555	398.8256	1841.2461	0	854.303	1174.1862	1255.1783	269.01688	0	0	0	826.10767	1078.5337	290.66196	298.57928	181.77611	6802.052	3181.978	11117.231	7119.847	2286.8972	1112.2666	1189.7483	516.67175	1317.724	2660.6992	2432.258	8955.227	1915.8741	348.7654	2052.3599	794.22217	15158.566	435.40747	553.04486	3120.015	628.5146	144.49384	673.2535	0	137.32675	0	0	1309.8849	0	290.01788	0	0	198.41452	0	0	0	0	207.20381	0	0	997.5187	7598.0493	0	1495.1062	18637.941	648.4274	356.173	1715.5968	1294.7917	0	225.6328	0	0	249.17961	0	0	0	0	180.07227	336.74222	0	4305.8154	165.60266	0	0	0	188471.03	5733.3506	3426.9275	5693.8247	9627.807	17592.9	7355.5923	0	280.26038	535.78564	866.22003	581.7118	469.11646	216.94135	6173.866	3367.9456	1889.8237	434.72867	628.34436	9402.018	224.24487	0	1396.8801	330.79132	381.50793	417.81897	139.87471	420.75235	334.4956	1317.2076	732.0905	0	1767.2288	0	0	0	0	0	304.40204	162.9519	125.70423	171.31615	237.44867	0	182.32057	402.12082	199.77875	0	7513.4873	0	5314.197	2278.478	8720.766	657.0088	343.59348	3142.7332	6565.945	865.07007	6545.7783	6931.1187	2320.1277	2202.08	8436.3125	7200.0923	332.98856	0	0	4094.6128	1027.4706	133.61073	328.74118	499.39188	305.46143	228.93542	0	153.66408	0	0	4742.976	0	8085.6904	6858.9517	2095.2864
2507QL2-S 	330.2712	2069.8704	0	217.92154	133.47917	0	1136.789	97.47624	712.2974	177.00969	850.46533	713.8704	144.08047	2358.444	120.07691	171.23692	216.42741	118.12401	0	543.2254	239.91702	0	197.38705	0	682.0551	540.2016	0	244.7227	86.529236	0	0	258.0297	528.86194	2682.8784	116.25519	0	126.523636	0	178.19939	3401.068	361.6153	0	171.81633	352.40637	69.00068	0	431.18726	42.868183	888.72345	335.0189	868.87836	80.37248	662.11444	0	0	147.39235	795.66675	175.68195	1818.629	113.371254	310.9222	884.48737	0	134.52338	754.62	708.469	152.38771	0	147.50146	0	0	285.06125	0	95.65609	976.1528	1498.465	18099.088	85.911064	194.65256	198.21063	0	318.72745	186.78397	1333.2639	489.3525	331.38998	1084.7078	0	86.71188	0	549.385	4024.227	134.64581	2833.568	208.37097	0	0	3340.0872	79.11253	543.0293	2244.9834	2971.109	173.43361	1324.0236	1614.2914	83.97057	4177.616	1005.53503	982.06244	636.2806	0	551.98834	256.81107	287.47925	92.08337	414.54416	1193.5018	314.3213	273.79974	1866.5656	5080.32	0	155.39879	493.77908	0	3090.9072	1290.7238	949.16266	1632.1172	688.7163	3376.1348	0	172.03357	0	269.70197	103.799446	0	0	0	415.0054	276.4859	0	131.49664	0	0	415.60782	987.7728	282.91437	0	424.46585	316.34753	0	0	0	0	276.54996	579.6667	334.87674	284.96475	316.5114	757.5652	2777.4968	239.83397	511.33725	976.8168	0	3303.0762	1546.996	110.14832	1867.0355	20724.35	60.245598	0	0	1938.8047	1262.6249	203.08316	744.48566	547.7833	422.42273	754.8835	0	292.04987	509.133	77.34404	3420.8801	484.22876	0	101.23667	512.4432	3196.6917	14370.661	35572.926	24528.828	503.63974	161.54387	835.13727	208.87833	213.85109	0	126.40483	1587.2836	6069.5854	463.87244	348.65067	175.2813	0	0	0	154.54086	0	490.2379	221.32608	0	0	0	0	313.24158	0	0	482.67682	315.87878	0	0	0	4616.876	0	929.82294	625.07745	229.61238	0	3677.0317	0	2204.0613	277.80792	6597.8945	0	0	196.79874	213.69229	0	0	0	0	305.45853	438.00943	0	0	666.76733	2566.7676	1947.247	0	1016.0416	339.08936	395.49084	0	76.66812	99.144035	886.51794	412.62943	668.8401	160.86848	472.2458	501.40503	0	0	0	344.47244	1746.9664	312.2356	1141.9327	643.03723	0	536.657	0	129.71306	35884.016	250.02798	1570.6519	245.34966	0	342.66464	353.47235	0	131.24208	171.816	273.43652	317.61658	163.89716	446.50293	28699.602	0	7991.779	5934.8755	446.56427	2097.9197	437.07242	4884.9785	456.13974	1212.2598	313.5883	0	1403.6426	0	455.753	187.49283	140.23587	250.01512	125.20794	0	913.58325	241.66891	0	199.15349	516.7062	88327.93	498.41318	0	0	327.7829	9578.59	150.55347	1744.3727	1840.9651	6810.698	68779.2	3282.542	3541.408	20292.902	20418.854	229092.53	2707.2593	20936.115	4573.8423	3412.3042	13931.531	4508.802	5938.666	4423.3	3313.0261	6662.535	2736.8125	8153.706	755.4484	0	884.92444	2842.966	9699.471	347.7274	0	129.97682	371.42548	278.83194	560.4446	1086.9912	1020.5067	758.8143	666.3812	0	1113.1803	537.9121	2397.1963	312.46915	2347.563	311.76605	3424.487	401.7825	1336.0967	290.4627	0	190.38585	383.55637	2834.568	0	0	446.37415	0	6386.385	4766.5737	434.16583	289.52792	195.13766	1028.6588	394.91663	279.45596	619.242	1427.2418	854.7553	412.322	269.73282	1897.0005	109.22893	220.99556	4578.862	313.05853	1745.3885	2971.928	22578.37
2508QL2-D 	843.30066	2719.826	1197.8063	891.4304	621.1092	0	2843.3945	338.64905	1921.2947	1172.8398	2501.3257	1503.4063	576.7678	5217.364	440.73154	3736.7998	1171.7743	585.9791	288.40466	1300.8514	919.6126	0	1065.3561	0	1155.4762	1153.4889	0	1936.0627	0	0	0	2320.6423	835.0584	0	409.77048	0	487.0444	0	1022.44434	1800.2977	1398.205	0	708.05225	345.3688	549.7681	0	1685.2709	105.96851	651.01685	463.23605	772.18646	193.05434	1511.0302	318.77518	0	916.61725	1557.1945	1241.834	1432.1311	1944.1981	766.5192	889.6037	512.80206	1229.5125	814.79767	941.8642	1629.6116	808.90955	1077.1383	1167.4443	726.2091	1522.0922	0	553.88513	715.3677	2377.946	2821.9424	859.8554	0	695.2631	0	1707.6212	1537.351	1188.1982	614.40314	850.2398	1240.3451	181.53859	278.9083	386.88953	1641.7782	1228.2703	0	614.3188	1197.6442	444.91022	245.57977	1776.6462	369.88693	885.3988	1285.0967	1075.2827	0	737.17615	2236.7014	153.89403	9163.655	360.99612	880.3873	1423.2579	0	447.8215	311.45523	498.58575	315.87848	1645.3888	1329.1042	318.63235	735.2706	15173.992	2743.1018	0	426.06296	5343.326	225.79726	1473.8484	2043.1704	6985.8467	1217.794	7315.678	566.1507	0	501.87692	0	509.13565	710.80994	0	0	0	3700.6633	1688.2612	0	542.73083	2399.6177	0	1117.8345	3294.1357	2886.7383	722.277	1472.0391	831.2192	532.6341	626.60956	447.29095	0	2301.3535	1509.2932	1009.00433	1252.7524	1741.1616	6869.6094	15326.015	1731.3707	4309.022	984.47144	0	12181.047	489.8094	0	0	15327.622	313.9767	0	0	1366.024	1480.1531	348.651	1785.7316	1792.3625	1422.9146	2991.2722	0	6468.626	843.00964	142.69293	3506.4773	3285.9214	0	209.52034	1021.43176	1821.0579	7274.37	6366.615	15308.719	1948.3846	675.19794	555.41113	297.6774	458.7133	0	379.86514	534.97736	2872.651	1037.4478	251.75407	162.01411	0	369.0997	0	373.06503	0	1621.4652	571.95856	0	0	721.00726	541.07245	2497.038	0	0	3995.7961	2387.945	203.52173	0	0	11436.87	0	1672.4686	2473.8496	591.6173	0	2545.9695	0	1255.6782	262.16855	1844.0507	0	305.12775	863.25616	930.15015	600.2787	0	0	0	0	0	0	197.73428	13383.131	1595.0963	2102.8003	1846.6906	619.59467	935.3638	405.13672	257.21817	588.0847	448.0603	1058.8988	655.23865	1610.3888	688.98334	924.55817	134.72931	0	1416.189	0	1256.8978	1770.2345	184.03778	5166.806	2232.1572	0	11248.942	3028.7715	434.451	543.961	2561.8276	7237.0254	1870.6527	0	1040.3983	1670.8448	218.1459	617.1597	3917.1768	976.8223	1351.1681	1089.1537	697.4021	20884.875	0	1279.3932	2512.7446	2166.5842	6576.1094	1627.6143	1335.5883	1396.0718	2888.8545	14516.013	0	4817.7314	0	5839.961	1231.114	515.4389	1658.9509	866.7274	0	9773.75	842.57477	0	1604.0662	725.3121	36630.43	1103.2605	180.22758	614.0751	4566.3374	3317.826	413.61658	1181.5044	3744.2305	998.9948	0	2038.9747	2781.713	0	0	474.32544	5192.953	880.7946	26306.908	3888.2666	0	1087.015	0	6989.4854	1497.1866	5897.139	0	9837.929	47146.824	4342.882	5007.895	19412.154	20529.686	17099.95	9299.776	13648.28	34230.367	44949.375	18823.07	1215.8246	4638.6914	3653.3171	1746.3325	487.7714	3549.3113	4844.177	1762.7144	7404.7476	1847.3827	7557.457	2061.042	517.5441	2701.6548	631.9266	0	3875.4004	6163.0684	2842.0796	1501.5477	1518.22	1957.3279	633.2804	2343.4114	4489.9	1005.56036	480.556	757.558	7800.1904	2254.5544	1537.5519	6270.513	10222.051	14412.598	1351.917	508.33658	1572.7856	0	884.11127	1055.9562	3078.0098	1462.3942	1480.0883	5056.606
2508QL2-S 	1281.0763	4182.326	386.12283	749.8877	603.12604	0	2756.7231	863.51306	1565.8973	784.9632	2999.645	10644.432	309.4538	2168.575	1123.6152	2365.1335	385.77243	173.9151	0	541.5278	462.96182	0	1092.9271	0	668.8142	2685.821	0	695.1889	0	0	0	2536.524	654.7914	0	1011.585	0	362.51236	0	1612.5895	335.05368	1113.9985	0	0	0	0	0	1144.2974	0	187.10522	108.70995	1392.629	0	350.87784	0	0	0	658.46655	1066.7012	538.26544	757.05743	2092.2861	365.37857	261.7259	0	341.28983	228.48611	4941.067	0	36440.547	0	280.34564	3124.873	0	0	468.48517	1015.6861	7859.9507	767.23816	126.399055	1090.9448	0	773.39435	995.41425	732.03326	120.39477	288.6248	726.4176	0	0	0	370.10815	436.26288	0	496.5401	6015.661	0	0	2074.477	189.22664	333.98178	1282.7456	1071.5657	0	462.40628	1114.0156	81.68411	4610.4917	225.34636	742.0352	568.5813	0	313.32437	102.731026	239.22131	679.10425	682.4602	645.7781	195.01953	195.24153	3881.8918	953.5903	0	0	1616.916	0	2145.6345	633.6972	6503.8574	836.89764	2788.5313	808.19934	0	164.54225	0	511.8049	6129.009	386.74164	0	0	2081.8447	1304.2483	0	393.91684	462.52847	0	337.4073	2185.779	859.5319	0	332.6924	264.49252	343.30197	266.5639	0	0	337.65677	545.8125	382.12003	226.54657	3245.1748	9357.876	18593.668	1371.2698	3592.9324	701.3258	0	4819.4805	449.1885	175.52284	0	9678.182	0	0	0	733.58405	615.61835	175.98596	1106.4979	1567.2136	626.4387	449.2382	0	5123.765	520.4748	0	2153.5515	1341.9432	0	71.9852	514.94415	528.5047	2052.7905	9107.682	14090.489	203.25989	953.9432	290.28577	101.561005	159.54599	0	458.99075	244.06194	1879.8511	920.81793	121.49177	0	0	0	0	187.61267	0	326.36118	0	0	0	0	0	411.91522	0	0	250.69272	317.02832	0	0	0	14739.882	0	23882.105	700.06085	219.95772	0	2216.6563	0	1484.7606	0	1873.4047	0	0	0	0	0	0	0	0	0	0	0	377.85196	7003.053	1568.4397	1086.4855	0	217.50795	0	0	0	165.6619	94.29781	440.80804	262.67258	0	122.20793	218.26306	93.85801	0	0	0	1407.2206	837.98627	100.54362	1560.1019	4897.638	0	2386.494	2194.5183	489.39755	418.0175	17733.842	1614.9357	1295.3103	0	426.41336	1202.0936	198.34659	479.6366	4551.041	448.07697	948.42065	1967.0764	1062.6874	17082.24	0	636.5938	1598.2865	537.4745	3532.9324	490.29913	1384.8865	908.3979	2535.761	5939.909	0	1542.858	0	1078.4818	1724.4841	1434.1403	2655.324	67.65331	0	6122.9707	304.92154	0	593.73975	4848.4565	12141.121	0	0	0	828.17084	2981.162	241.98856	802.3115	3051.01	1698.9664	248.60283	2010.2311	2588.6611	0	0	384.31866	10763.779	2509.8516	9825.398	4099.677	0	367.3418	0	7505.6914	957.19104	932.6991	555.11615	4084.7375	7615.852	0	1643.0892	63611.47	6573.103	817.3979	283.29236	2594.5654	3950.5376	3171.6938	23003.441	2155.0093	13749.908	29064.014	31633.521	2424.0884	33604.805	10423.881	5263.4365	12903.152	726.3206	138841.22	1186.5178	114.06533	2723.257	0	0	185.90393	1579.3157	684.054	0	0	520.2416	0	1387.3379	1870.6731	1555.2999	2317.231	1134.5741	3345.1494	2376.436	1891.019	8143.696	16224.606	38624.184	244.87115	1523.6287	3015.2446	306.00317	681.10254	1608.195	1883.2281	635.725	574.4644	6254.743
2509QL2-D 	0	547.8129	0	0	0	0	545.5944	0	284.83813	201.18689	87.71762	122.08388	182.09901	13015.253	0	540.4701	226.18822	255.1211	124.943504	417.35104	97.27584	0	0	0	197.91031	341.03635	0	183.21873	0	0	0	347.7869	335.9198	0	0	0	0	0	146.6372	185.658	265.4639	0	617.1132	1054.6191	105.4785	0	260.0899	81.17801	6351.8325	3362.443	181.36139	117.38172	602.7741	298.06146	0	214.7444	206.56416	0	11325.726	195.53278	123.833275	2866.4607	220.0792	598.7818	0	5531.7275	118.724724	330.8762	124.42552	249.58156	184.46582	286.7665	211.33708	334.5859	1438.9998	1716.902	702.3432	0	132.59764	281.10623	1137.0818	0	156.35567	1044.9824	2850.2712	565.75507	1579.8715	1052.1735	406.2045	1169.7869	9518.803	9874.212	358.4602	4254.5903	199.35052	1520.9741	638.2442	15406.548	184.9171	6779.437	9466.73	1645.9576	151.72226	1272.438	759.85345	506.8843	1162.9512	4286.635	175.44737	577.9897	0	799.1904	2318.6655	1340.204	0	591.5209	6503.2896	476.35178	4672.2188	1159.2914	12415.268	0	612.1572	417.6222	0	6730.4487	12409.74	112.79182	4893.8335	404.52325	3591.7969	0	1328.5372	157.58304	473.68353	98.265495	0	0	0	384.38208	0	0	790.85345	6100.9556	108.54161	782.8565	970.685	329.64218	166.89816	1184.8568	246.1944	566.9244	748.453	1696.292	1238.2296	1878.8761	728.6093	22813.578	912.1003	138.75708	794.28125	1121.9303	103.9408	676.87225	241.1585	0	749.76355	210.77731	223.57478	0	11380.956	475.20834	0	0	403.19257	5360.7876	201.18633	1217.5629	488.15204	0	1295.9702	0	4655.0063	0	422.8296	5078.973	480.18903	0	0	4457.063	15170.187	56626.105	42049.125	12120.32	1578.7117	0	1634.4904	3553.213	2278.615	0	4172.8105	5579.7837	22643.582	402.45496	2547.3298	1164.7731	0	1389.2822	274.67355	203.21452	0	1326.2504	874.76904	190.93533	163.5549	1581.2583	106.59257	271.9316	0	0	597.8745	291.75198	391.01614	181.96083	172.13417	4782.1914	301.09302	2381.1763	16316.457	1340.1305	0	18946.086	0	11546.159	330.11188	1352.8308	0	533.9605	1117.7162	460.05344	154.5609	0	0	0	280.4727	565.09235	420.66492	421.65213	562.8163	12772.544	3255.0066	8748.988	2253.6067	1085.6077	1460.5878	710.09515	2880.8567	987.99194	2917.566	1678.8848	2948.0605	3327.4746	481.45508	401.21564	485.3404	12864.412	155.45836	574.5181	6135.178	1415.632	2168.6326	584.81903	0	897.87683	0	0	460.99463	2836.7585	424.5189	127.82036	0	132.92975	170.04472	0	300.431	677.24414	218.4738	0	189.23132	1026.5527	3390.3489	0	1291.4916	9911.828	918.8087	329.48914	360.64478	487.73416	226.76057	561.67316	282.2797	0	483.05557	0	438.20474	240.4865	0	138.57419	373.60727	0	12968.759	0	0	208.43217	8061.0986	5724.2817	1973.2826	3047.298	3294.9683	3539.6047	29690.4	2476.5076	0	274.3269	220.58371	0	757.5909	290.4364	0	0	0	3038.5674	826.4268	1723.6506	61240.645	0	0	0	220.00197	593.9481	363.6585	0	3307.0647	497.92813	312.4611	568.4625	902.1702	5828.5107	199.21635	157.47937	102.596306	190.04245	192.69896	959.13824	191.7256	3305.3826	949.2196	614.45935	0	1571.4303	492.04962	167.29335	167.6919	12270.854	10763.918	20781.174	2627.113	20233.957	3334.099	3333.2585	2948.7932	5665.3687	14294.677	9158.286	11128.911	9489.119	2439.2	22951.168	15442.065	414.3564	415.1016	367.78662	2648.045	649.6282	151.2259	896.1065	692.57764	1347.9274	3835.1887	186.08308	494.6944	0	329.80887	8196.015	322.53745	11552.058	19107.205	657.69586
2509QL2-S 	609.636	2336.5315	0	0	410.24203	0	2051.084	0	355.15646	604.76117	70.080734	53.661987	341.13492	7330.973	655.4349	354.87003	0	0	0	150.9818	77.708984	0	0	0	994.8486	2016.0051	0	358.44415	0	0	0	1353.2935	646.652	0	0	0	197.9224	0	1083.9757	72.80186	3097.954	0	0	615.4637	0	0	2071.5964	0	2700.0654	1264.6713	2343.3977	0	27599.57	0	0	0	132.59702	370.49628	4817.2217	1054.9727	2913.2673	1163.0348	284.38513	136.74167	73.94395	761.6698	676.0542	0	1645.526	0	0	2490.0608	0	0	636.33276	1275.8707	4915.658	0	0	2484.349	63.55507	0	1841.398	351.82242	651.5702	253.90094	604.94226	0	0	0	235.22543	3847.2244	159.07744	7392.2095	911.75366	0	0	6800.716	0	2049.4426	3041.0098	958.49274	65.325226	256.25644	313.4131	99.49098	630.20624	1349.5371	1156.003	151.27654	0	349.93747	509.08466	449.262	0	254.03488	1332.4104	71.22373	1507.2823	542.3461	2455.1106	0	204.54915	264.0658	0	4653.506	1507.4966	463.30988	1699.289	161.56003	4489.3438	0	143.70023	0	1494.5659	877.24695	0	0	0	1289.681	300.4253	0	731.33307	1909.9672	0	124.892975	3451.2996	711.0174	0	98.41255	152.52628	393.93448	0	0	0	117.82878	354.09753	3881.396	0	430.49246	3768.0603	11802.605	432.2878	204.94571	1483.5292	0	462.26385	417.6692	40.82385	0	51632.55	88.18296	0	0	1213.6537	860.7965	124.17979	1769.9595	1846.9784	432.82245	445.87784	0	2755.949	854.7215	92.03517	1552.0469	283.7842	155.20757	0	1018.1902	6661.432	25848.887	42041.395	13223.852	636.45294	0	484.25458	3086.465	796.5843	0	2348.9468	3666.4639	14766.988	706.4935	1548.7932	388.75327	0	0	0	187.07579	0	326.40756	702.6641	0	0	0	0	55.985992	0	0	76.26172	0	0	0	0	3586.3716	0	29255.799	5790.349	884.77	0	5500.5664	0	3087.4143	0	1070.6494	0	0	866.5068	0	0	0	0	0	0	0	0	81.17778	1416.0444	4459.767	1031.7516	0	534.05676	0	0	0	625.47253	453.5339	523.85504	321.2855	0	443.25305	553.4342	117.394936	0	0	0	1509.6948	6290.6504	593.5846	1825.5885	1181.1799	0	2060.5645	0	56.180782	244.74605	13073.017	185.36732	1947.1337	0	210.0439	278.71365	0	334.42514	110.52029	234.61249	869.46643	1406.4967	150.31145	14610.482	0	519.12396	4663.849	215.6836	263.793	949.6964	630.2985	360.66574	704.3266	156.53322	0	178.08267	0	543.0964	1738.0675	590.0633	385.25406	142.7693	0	35891.09	81.4871	0	0	33552.902	0	0	0	0	238.32755	11047.529	1535.5802	80.97743	126.5281	1176.0701	260.20154	1082.0195	327.8073	0	0	38.537807	22901.918	40567.89	432.18475	31958.148	0	72.253296	36.624218	1011.01447	2012.8774	535.91284	0	13065.726	613.1718	0	287.2258	182.72772	768.33466	90.58281	0	375.8842	422.7175	83.96649	3426.2314	318.13864	3035.3367	18622.256	5765.869	0	18512.85	243.22104	417.72815	422.5184	4917.778	2622.4934	9363.755	417.56723	16735.496	175.61996	157.25606	0	117.45686	12265.741	0	0	1254.2157	0	11481.173	8949.1	11312.853	3743.509	9610.496	2759.138	3531.3374	4638.4946	19151.084	4993.2617	86382.41	4329.6216	1967.2198	13256.314	2810.0964	1982.9308	3347.7917	6918.6104	6079.8306	10487.867	3294.874
